('ALA', 'ALA')	10.7488	10.7488	9.77516	9.77516	5.1442	10.5183	14.2645	5.1442	5.9571	9.8046	10.5183	5.9571	5.49751	14.2645	9.8046	5.49751	
('ALA', 'ARG')	6.10926	6.10926	11.7755	16.2165	11.7755	16.2165	9.40117	17.7196	9.40117	17.7196	
('ALA', 'CYS')	3.83125	3.83125	9.85764	9.85764	
('ALA', 'GLN')	14.4192	5.42348	14.4192	5.42348	9.69262	9.69262	10.2339	11.6511	10.2339	11.6511	10.6399	19.6899	10.6399	19.6899	
('ALA', 'LEU')	16.3668	5.83765	16.3668	5.83765	6.11974	3.84887	6.11974	3.84887	3.8143	3.8143	23.6504	17.8959	13.3608	12.1218	5.16578	23.6504	17.8959	13.3608	12.1218	5.16578	7.99765	7.99765	11.8278	5.35013	11.8278	5.35013	3.7894	5.53382	3.7894	5.53382	10.1296	10.1296	3.76916	10.5592	3.76916	10.5592	6.17059	14.7354	6.17059	3.88556	3.88556	8.26425	14.7354	8.26425	5.39502	9.91002	5.39502	3.8505	8.64691	10.7027	3.8505	5.0565	9.91002	5.0565	3.84303	5.1674	8.64691	3.84303	10.7027	5.1674	
('ALA', 'LYS')	5.03387	5.03387	14.0962	14.0962	14.2649	14.2649	
('ALA', 'PHE')	8.63745	8.63745	5.56802	5.56802	16.7693	16.7693	15.1785	15.1785	3.82923	3.82923	3.82078	10.1165	3.82078	10.1165	15.272	10.3585	5.07436	3.80802	15.272	10.3585	5.07436	3.80802	
('ARG', 'ARG')	5.39944	5.39944	
('ARG', 'ASP')	5.25299	3.73377	5.25299	3.73377	
('ARG', 'HIS')	6.20582	6.20582	27.0566	27.0566	
('ARG', 'PHE')	5.22087	5.22087	22.7741	22.7741	13.9028	18.0642	13.9028	18.0642	8.32881	8.32881	
('ARG', 'THR')	4.9071	4.9071	
('ARG', 'TYR')	3.81628	3.81628	12.27	12.27	5.80445	10.5044	5.80445	10.5044	
('ASN', 'ALA')	15.0016	15.0016	
('ASN', 'ARG')	20.7095	20.7095	
('ASN', 'GLU')	16.7699	16.7699	
('ASN', 'GLY')	10.8984	13.0684	20.6096	10.8984	13.0684	20.6096	
('ASN', 'LYS')	18.8586	18.8586	
('ASN', 'TRP')	5.33196	5.97317	8.5013	5.33196	5.97317	8.5013	
('ASN', 'TYR')	10.0072	10.0072	
('ASN', 'VAL')	15.6956	15.6956	
('ASP', 'ALA')	10.4539	10.4539	17.0133	17.0133	18.3136	14.0229	8.58731	4.9403	18.3136	14.0229	8.58731	4.9403	
('ASP', 'GLN')	3.78767	3.78767	
('ASP', 'GLU')	5.71427	5.71427	5.82298	5.82298	
('ASP', 'LEU')	8.37863	10.1479	8.37863	10.1479	5.51792	5.51792	26.0663	15.4409	7.84895	26.0663	15.4409	7.84895	15.3982	9.80594	15.3982	9.80594	
('ASP', 'LYS')	7.16593	7.16593	
('ASP', 'MET')	5.82873	5.82873	14.886	14.886	6.06248	6.06248	
('ASP', 'PRO')	3.88834	3.88834	
('ASP', 'THR')	5.4386	5.4386	
('ASP', 'TRP')	10.3334	10.3334	9.75683	9.75683	
('ASP', 'VAL')	5.34768	5.34768	21.2529	20.2268	10.0144	21.2529	20.2268	10.0144	12.1043	3.87025	12.1043	3.87025	
('CYS', 'GLN')	12.3135	12.3135	
('CYS', 'LEU')	15.0978	15.0978	
('CYS', 'PHE')	5.98372	5.98372	
('GLN', 'ARG')	3.79346	3.79346	
('GLN', 'GLN')	3.75908	3.75908	
('GLN', 'GLU')	3.77957	3.77957	
('GLN', 'LEU')	5.74599	5.74599	5.91975	9.83949	5.91975	9.83949	21.3907	23.3809	15.3087	16.3377	10.1653	10.6861	8.35834	9.68615	21.3907	15.3087	10.1653	8.35834	23.3809	16.3377	10.6861	9.68615	5.27057	12.8501	5.27057	12.8501	
('GLU', 'ALA')	10.1753	10.1753	5.48992	5.48992	15.1185	15.1185	
('GLU', 'ARG')	5.86406	5.86406	5.48232	5.48232	3.8393	3.8393	
('GLU', 'LEU')	5.15986	9.00307	5.15986	9.00307	25.0589	19.808	14.7921	14.8826	8.67138	25.0589	19.808	14.7921	14.8826	8.67138	5.33363	5.33363	24.224	13.893	4.80168	24.224	13.893	4.80168	
('GLU', 'LYS')	3.90348	3.90348	
('GLU', 'MET')	5.61027	5.61027	24.3588	24.3588	11.9631	11.9631	
('GLU', 'TRP')	7.01933	7.01933	13.4028	10.8271	9.88655	13.4028	10.8271	9.88655	6.03401	6.03401	
('GLU', 'VAL')	3.80581	3.80581	3.82931	3.82931	19.7233	18.034	8.49369	19.7233	18.034	8.49369	
('GLY', 'ALA')	14.4943	24.7878	14.4943	16.9849	24.7878	7.5043	16.9849	7.5043	13.6722	13.6722	5.37767	3.83545	5.37767	3.83545	9.09565	9.09565	18.7784	15.5314	18.7784	15.5314	5.69984	15.3926	5.69984	15.3926	6.30663	6.30663	5.26694	13.8421	5.26694	13.8421	8.84147	16.1673	8.84147	10.5519	16.1673	3.86954	10.5519	3.86954	3.81857	8.80976	3.81857	5.42915	9.94384	12.3282	5.42915	5.51666	8.80976	5.51666	5.50821	6.02486	9.94384	5.50821	12.3282	6.02486	
('GLY', 'ARG')	10.091	8.60852	10.091	8.60852	6.19503	6.19503	18.0375	22.3885	8.36236	11.9845	18.0375	8.36236	3.8202	3.8202	5.76171	22.3885	11.9845	5.76171	3.85008	19.5055	3.85008	19.5055	
('GLY', 'ASP')	3.82941	3.82941	23.2872	13.402	5.33538	23.2872	13.402	5.33538	16.5313	10.3756	16.5313	10.3756	
('GLY', 'CYS')	16.0659	16.0659	14.9241	14.9241	
('GLY', 'GLN')	27.4824	27.4824	5.36548	5.36548	5.6408	5.6408	28.3452	30.3489	25.4888	26.9876	5.12054	5.9522	28.3452	25.4888	5.12054	7.0362	30.3489	26.9876	5.9522	4.36097	7.0362	4.36097	5.54929	5.54929	5.15876	21.1024	5.15876	21.1024	
('GLY', 'GLU')	5.95024	5.95024	6.02923	5.03681	6.02923	5.03681	4.23685	4.23685	21.0149	10.341	3.81694	21.0149	10.341	3.81694	
('GLY', 'GLY')	30.8679	30.8679	3.78553	9.95084	3.78553	9.23874	9.95084	9.23874	5.53302	24.4209	34.1083	5.53302	21.1029	30.8429	24.4209	21.1029	9.83662	34.1083	30.8429	9.83662	10.74	19.8047	10.74	9.79608	19.8047	9.79608	18.3104	18.3104	6.35036	6.35036	
('GLY', 'ILE')	12.6043	22.9562	29.1629	12.6043	18.7605	22.9562	9.22556	29.1629	5.95836	18.7605	9.22556	5.95836	14.9651	16.6203	24.0738	14.9651	16.6203	24.0738	9.149	11.4474	16.3208	5.38886	8.82028	12.3933	9.149	5.38886	16.1247	25.7442	11.4474	8.82028	13.6034	23.3927	16.3208	12.3933	9.77474	19.4371	16.1247	13.6034	9.77474	25.7442	23.3927	19.4371	5.58626	5.09317	10.7193	14.5304	5.58626	15.2283	5.09317	14.1436	10.7193	8.33767	14.5304	4.96122	15.2283	14.1436	8.33767	4.96122	5.33929	9.79857	5.33929	9.79857	
('GLY', 'LEU')	30.539	30.539	3.83153	3.83153	10.4071	12.6498	10.4071	12.6498	19.8294	21.0011	28.8669	14.47	15.4653	23.8101	9.44624	10.7467	18.7358	9.59043	10.193	19.0723	3.83978	5.5175	12.5708	19.8294	14.47	9.44624	9.59043	3.83978	10.0707	21.0011	15.4653	10.7467	10.193	5.5175	9.67283	10.0707	9.67283	3.80558	28.8669	23.8101	18.7358	19.0723	12.5708	3.80558	7.00071	14.9219	20.6273	21.922	5.68055	10.8023	16.6409	18.3944	7.00071	5.68055	17.4556	27.116	14.9219	10.8023	10.548	20.1631	20.6273	16.6409	5.39888	14.7034	21.922	18.3944	5.19747	14.0188	17.4556	10.548	5.39888	5.19747	27.116	20.1631	14.7034	14.0188	5.6408	14.5787	22.2939	5.6408	8.64493	16.5668	8.64493	5.64688	11.8123	14.5787	5.64688	5.99243	16.5668	5.99243	5.22453	22.2939	11.8123	5.22453	3.79478	10.4165	3.79478	16.1985	10.4165	9.5432	16.1985	9.5432	3.74038	8.61242	3.74038	5.40232	5.40232	3.82761	8.61242	3.82761	
('GLY', 'LYS')	8.42964	5.90471	8.42964	5.90471	5.80468	5.80468	5.83727	32.5072	3.80008	29.1566	5.83727	3.80008	19.567	29.3907	19.567	8.77459	32.5072	29.1566	8.77459	5.81634	29.3907	5.81634	
('GLY', 'MET')	10.5	11.1251	26.1945	10.5	20.9733	11.1251	19.88	26.1945	4.71472	20.9733	19.88	4.71472	8.793	8.793	18.7412	20.1109	28.3263	18.7412	20.1109	28.3263	9.9324	9.9324	3.83092	10.4616	3.83092	10.4616	10.7707	5.20595	10.7707	5.20595	
('GLY', 'PHE')	21.5668	21.5668	9.47522	9.47522	13.5198	15.0226	23.3622	13.5198	15.0226	23.3622	33.0458	30.2319	9.92026	33.0458	30.2319	9.92026	6.34179	6.34179	5.23108	5.23108	6.15505	15.1382	6.15505	15.1382	6.35686	6.35686	12.0146	12.0146	14.2137	8.47936	14.2137	8.47936	
('GLY', 'PRO')	3.76954	3.76954	28.8194	28.8194	6.09513	6.09513	
('GLY', 'THR')	5.45498	5.45498	26.1106	26.1106	12.827	9.97634	12.827	9.97634	11.6304	21.299	11.6304	21.299	
('GLY', 'TRP')	6.40919	6.40919	24.6006	24.6006	12.0685	12.0685	7.59239	9.27192	17.4783	4.97855	7.25922	14.7603	5.3589	5.23669	14.0569	7.59239	4.97855	5.3589	9.27192	7.25922	5.23669	17.4783	14.7603	14.0569	15.5094	5.36388	15.5094	5.36388	5.05524	5.05524	12.3167	20.372	12.3167	6.05703	6.05703	3.84199	20.372	3.84199	
('GLY', 'VAL')	5.68831	8.84482	16.8497	18.6289	20.5898	5.68831	27.0869	8.84482	22.9099	16.8497	14.4085	18.6289	13.2003	20.5898	10.6339	27.0869	22.9099	14.4085	13.2003	10.6339	6.7754	6.7754	5.07042	5.49959	5.07042	5.49959	6.67789	6.67789	10.6931	27.5733	6.44006	24.4368	10.6931	6.44006	15.0443	24.8382	15.0443	5.66797	27.5733	24.4368	5.66797	9.46305	24.8382	9.46305	3.79784	5.3795	14.2722	3.79784	10.0532	17.9352	5.3795	8.71738	16.1838	10.0532	8.71738	5.83155	14.2722	5.83155	5.8986	17.9352	16.1838	5.8986	15.8079	15.8079	5.22999	5.22999	5.23229	15.5464	5.23229	3.81974	3.81974	9.9486	15.5464	9.9486	
('HIS', 'ALA')	21.3023	21.3023	5.37933	8.49782	14.0926	16.444	5.37933	8.49782	14.0926	16.444	
('HIS', 'ASN')	6.38402	6.38402	
('HIS', 'ASP')	21.016	21.016	
('HIS', 'GLU')	22.9178	22.9178	
('HIS', 'GLY')	17.1827	19.1686	26.6773	17.1827	19.1686	26.6773	5.08082	10.6843	5.08082	10.6843	
('HIS', 'ILE')	3.75685	3.75685	3.74612	3.74612	
('HIS', 'LYS')	25.0365	25.0365	
('HIS', 'VAL')	22.0502	22.0502	9.96504	20.004	9.96504	20.004	
('ILE', 'ALA')	3.80001	12.2792	3.80001	10.0394	15.6709	10.0394	3.81119	12.2792	3.81119	5.22118	15.6709	5.22118	19.221	19.221	10.478	8.38972	5.60684	10.478	8.38972	5.60684	4.88768	13.9598	5.45207	11.9975	4.88768	5.45207	5.59912	6.34413	5.59912	5.74988	6.34413	5.35532	13.9598	11.9975	5.74988	5.35532	3.87006	5.92863	11.8701	15.025	3.87006	5.92863	11.8701	15.025	
('ILE', 'ARG')	24.8533	24.8533	4.70033	5.84099	12.0637	15.1054	4.70033	5.84099	12.0637	15.1054	
('ILE', 'ASN')	5.28724	5.28724	
('ILE', 'ASP')	19.5807	19.5807	
('ILE', 'CYS')	5.47566	5.47566	8.54002	14.3847	8.54002	14.3847	
('ILE', 'GLN')	15.2305	4.91494	15.2305	4.91494	3.8046	3.8046	20.6259	22.0481	17.3402	19.3751	13.9603	15.261	20.6259	17.3402	13.9603	22.0481	19.3751	15.261	6.38274	8.56207	14.3413	16.8775	6.38274	8.56207	14.3413	16.8775	
('ILE', 'GLU')	20.3489	20.3489	
('ILE', 'ILE')	10.5075	16.5945	10.5075	6.3352	16.5945	6.3352	5.70137	8.57019	5.70137	5.54758	8.57019	5.54758	3.82961	8.6658	10.7141	3.82961	6.27688	10.0592	8.6658	6.27688	5.37395	10.7141	10.0592	5.37395	
('ILE', 'LEU')	18.0782	8.48205	3.84866	18.0782	8.48205	3.84866	5.30239	5.30239	3.79133	5.94737	8.49486	15.1013	24.9478	3.79133	5.94737	8.49486	15.1013	24.9478	3.85319	5.15009	10.0574	3.85319	6.07338	12.0291	14.1449	5.15009	5.82275	9.97057	10.5601	6.07338	5.82275	3.79465	10.0574	3.79465	5.11025	6.10098	12.0291	9.97057	5.11025	14.1449	10.5601	6.10098	3.85857	5.18707	9.71944	12.3877	3.85857	6.53023	5.18707	5.57402	6.53023	5.57402	3.84061	4.89674	9.71944	3.84061	12.3877	4.89674	4.67813	10.1427	4.67813	10.1427	
('ILE', 'LYS')	22.4828	22.4828	5.57612	6.1989	10.79	5.57612	24.5071	6.1989	21.2011	10.79	16.9682	24.5071	21.2011	16.9682	
('ILE', 'PHE')	9.73926	9.73926	3.81635	8.95302	3.81635	8.95302	5.51449	5.51449	25.5069	21.8958	18.3939	25.5069	21.8958	18.3939	5.26305	3.7937	5.26305	3.7937	5.18564	8.61826	5.18564	8.61826	15.9837	15.9837	
('ILE', 'TYR')	14.0611	14.0611	18.1294	15.1731	10.529	18.1294	15.1731	10.529	
('LEU', 'ARG')	29.4339	23.7981	19.0533	18.1638	10.8129	29.4339	23.7981	19.0533	18.1638	10.8129	3.83604	3.83604	20.93	25.8197	10.3118	15.3108	3.81687	6.00982	20.93	10.3118	3.81687	25.8197	15.3108	6.00982	5.28143	10.5463	5.28143	10.5463	
('LEU', 'ASN')	10.0696	5.57249	10.0696	5.57249	3.82747	5.5375	10.3653	20.872	3.82747	5.5375	10.3653	20.872	
('LEU', 'HIS')	5.48956	5.48956	5.70057	8.65292	10.3388	16.7024	27.1658	5.70057	8.65292	10.3388	16.7024	27.1658	5.90909	12.1	5.90909	12.1	
('LEU', 'LEU')	5.96885	5.96885	5.92121	10.4208	11.9882	19.7062	29.8282	5.92121	5.15138	6.06774	14.0183	24.4705	10.4208	5.15138	3.79483	9.62247	19.4526	11.9882	6.06774	3.79483	8.45862	19.2537	19.7062	14.0183	9.62247	8.45862	11.6569	29.8282	24.4705	19.4526	19.2537	11.6569	8.55277	13.9675	15.2705	8.55277	6.00051	8.57919	13.9675	6.00051	3.83646	15.2705	8.57919	3.83646	10.6393	20.1344	10.6393	9.9157	20.1344	9.9157	8.91304	8.91304	6.20892	6.20892	
('LEU', 'LYS')	3.84049	3.84049	26.8549	21.3366	16.6414	15.9388	9.8686	26.8549	21.3366	16.6414	15.9388	9.8686	5.84317	5.84317	3.89064	10.0906	15.4569	16.4997	3.89064	25.6296	10.0906	18.7331	15.4569	12.8928	16.4997	10.9434	25.6296	18.7331	12.8928	10.9434	
('LEU', 'TYR')	18.054	12.1609	8.319	6.15412	18.054	12.1609	8.319	6.15412	3.83884	13.8569	3.83884	13.8569	19.5838	12.2208	6.29551	4.85191	19.5838	12.2208	6.29551	4.85191	15.3939	5.06489	15.3939	5.06489	5.29685	5.29685	
('LYS', 'ARG')	3.85902	3.85902	
('LYS', 'GLN')	23.5097	25.4132	23.5097	5.36093	25.4132	3.8963	5.36093	3.8963	
('LYS', 'LYS')	27.3036	27.3036	
('MET', 'ALA')	4.93768	15.3816	5.45255	14.3525	4.93768	5.45255	12.354	15.3816	14.3525	3.77792	12.354	3.77792	4.95663	4.95663	5.667	5.667	22.2544	22.2544	5.4641	5.4641	12.3728	8.52347	3.85801	12.3728	8.52347	3.85801	3.80797	3.80797	
('MET', 'ARG')	28.2244	28.2244	9.89096	14.17	9.89096	14.17	
('MET', 'ASN')	8.33361	8.33361	
('MET', 'CYS')	6.21249	5.30265	6.21249	5.30265	10.3551	10.3551	
('MET', 'GLN')	18.4116	16.5457	3.82715	18.4116	16.5457	3.82715	5.02791	5.02791	
('MET', 'HIS')	3.82175	3.82175	15.4732	15.4732	
('MET', 'ILE')	5.45333	14.225	20.1701	3.80532	12.3177	18.5922	5.45333	3.80532	14.0489	14.225	12.3177	5.11912	14.0489	5.11912	5.5689	20.1701	18.5922	5.5689	5.37208	5.37208	14.0581	14.0581	
('MET', 'LEU')	20.8634	19.894	5.23652	20.8634	19.894	5.23652	3.79701	5.01498	3.79701	5.01498	3.745	3.745	3.8506	3.8506	4.93463	9.63585	10.3468	17.9339	28.801	4.93463	9.63585	10.3468	17.9339	28.801	12.464	3.87408	12.464	3.87408	8.40988	8.40988	10.1536	5.59477	10.1536	5.59477	
('MET', 'LYS')	25.9987	25.9987	
('MET', 'MET')	3.86167	16.4054	3.86167	15.2575	16.4054	15.2575	
('MET', 'PHE')	12.1627	10.4959	12.1627	10.4959	4.98135	4.98135	5.76821	5.76821	4.96983	4.96983	5.38756	5.38756	
('MET', 'TYR')	16.4165	16.4165	5.39936	5.39936	
('PHE', 'ASN')	3.83701	3.83701	
('PHE', 'ASP')	19.1027	19.1027	5.36776	5.36776	
('PHE', 'GLN')	6.38637	6.38637	5.02358	5.56993	5.02358	5.56993	9.75894	9.75894	
('PHE', 'GLU')	19.3104	19.3104	16.2313	16.2313	
('PHE', 'HIS')	5.66626	5.66626	5.60217	5.60217	18.1201	18.1201	
('PHE', 'LEU')	9.95201	9.95201	8.44358	3.77185	8.44358	3.77185	5.53394	5.32684	12.2808	23.4648	5.53394	5.32684	12.2808	23.4648	26.1551	20.1084	14.6795	12.4245	26.1551	20.1084	14.6795	12.4245	8.88743	8.88743	5.32593	12.0908	5.32593	12.0908	4.73305	4.73305	5.68007	5.68007	12.2677	6.0865	12.2677	6.0865	
('PHE', 'LYS')	20.8362	20.8362	28.0926	3.75494	28.0926	3.75494	
('PRO', 'ALA')	11.9733	22.3871	11.9733	22.3871	
('PRO', 'CYS')	14.2604	14.2604	
('PRO', 'GLN')	25.64	25.64	3.86123	3.86123	
('PRO', 'ILE')	10.4628	20.961	26.9607	10.4628	20.961	26.9607	
('PRO', 'LEU')	28.1655	28.1655	5.16452	5.16452	
('PRO', 'LYS')	5.11292	5.11292	
('PRO', 'MET')	8.56921	9.88213	24.1287	8.56921	9.88213	24.1287	
('PRO', 'PHE')	19.8021	19.8021	
('PRO', 'SER')	5.93421	5.93421	
('PRO', 'THR')	5.50406	5.50406	3.8173	3.8173	
('PRO', 'TRP')	5.04247	5.04247	
('PRO', 'VAL')	3.85574	6.00035	15.1081	16.2273	18.2852	3.85574	6.00035	15.1081	16.2273	18.2852	
('SER', 'ALA')	25.4992	25.4992	16.4473	3.80307	16.4473	3.80307	5.45007	15.8984	5.45007	15.8984	8.42433	8.42433	
('SER', 'ARG')	31.1713	31.1713	19.3771	23.8837	19.3771	23.8837	
('SER', 'ASN')	10.9359	10.9359	
('SER', 'ASP')	24.5807	24.5807	
('SER', 'GLN')	26.4003	28.0969	11.5238	13.5632	5.81791	8.28931	26.4003	11.5238	5.81791	6.0919	28.0969	13.5632	8.28931	5.50674	6.0919	5.50674	3.82449	3.82449	
('SER', 'GLU')	26.6431	26.6431	22.0073	22.0073	
('SER', 'GLY')	21.237	22.9578	30.2818	21.237	22.9578	30.2818	3.75395	17.1527	22.7347	34.1797	3.75395	3.83028	22.1465	31.722	3.83028	14.1994	19.8789	31.3661	17.1527	14.1994	7.93361	17.6325	22.7347	19.8789	3.79459	12.3216	22.1465	7.93361	3.79459	10.4888	34.1797	31.3661	10.4888	3.81092	31.722	17.6325	12.3216	3.81092	3.8194	12.1239	20.5191	3.8194	12.1239	20.5191	3.86919	3.86919	
('SER', 'HIS')	5.00925	5.00925	
('SER', 'ILE')	6.34228	6.34228	6.29507	10.1845	14.449	6.29507	9.86515	15.2463	26.3502	10.1845	5.86409	11.5661	23.3587	14.449	3.81451	8.48388	19.9169	9.86515	5.86409	3.81451	15.2463	11.5661	8.48388	26.3502	23.3587	19.9169	
('SER', 'LEU')	3.79057	8.50045	12.2468	14.2699	21.1998	31.191	3.79057	8.50045	12.2468	14.2699	21.1998	31.191	5.4166	12.3576	18.2759	20.1017	5.4166	10.3727	15.8482	27.2005	12.3576	5.5814	10.1697	21.0076	10.3727	5.5814	5.3673	5.12601	18.2759	5.3673	5.98328	15.705	20.1017	5.12601	3.78501	14.2386	15.8482	10.1697	5.98328	3.78501	27.2005	21.0076	15.705	14.2386	3.84966	3.84966	9.41218	17.9726	9.41218	17.9726	
('SER', 'LYS')	28.8226	28.8226	5.55824	30.5347	5.55824	12.0254	17.753	29.5013	12.0254	15.3768	17.753	9.95759	30.5347	15.3768	9.95759	5.63154	29.5013	5.63154	
('SER', 'MET')	5.40141	5.40141	10.1624	10.1624	
('SER', 'PHE')	10.0063	10.0063	31.2601	16.1036	10.3787	31.2601	16.1036	10.3787	3.73219	3.73219	6.01072	6.01072	
('SER', 'SER')	15.4577	20.9507	32.1119	15.4577	5.74916	17.5689	20.9507	5.74916	11.8997	32.1119	17.5689	11.8997	
('SER', 'THR')	10.5971	10.5971	5.3061	10.4293	21.5843	5.3061	10.4293	21.5843	
('SER', 'TRP')	15.9184	16.3928	17.969	15.9184	16.3928	17.969	16.1207	16.1207	
('SER', 'TYR')	20.1504	20.1504	24.2738	9.51675	5.32058	24.2738	9.51675	5.32058	10.3594	10.3594	13.7841	13.7841	
('SER', 'VAL')	26.245	26.245	8.8056	25.8429	8.8056	8.12941	13.7535	25.3328	8.12941	10.4389	13.7535	5.18223	25.8429	10.4389	5.18223	8.81063	25.3328	8.81063	5.26567	4.65031	14.8915	5.26567	4.65031	14.8915	
('THR', 'ALA')	10.3278	20.5813	10.3278	20.5813	5.96102	5.96102	
('THR', 'CYS')	11.2034	11.2034	
('THR', 'GLN')	23.0618	23.0618	15.8162	17.5768	15.8162	17.5768	
('THR', 'HIS')	3.86567	3.86567	
('THR', 'ILE')	9.05817	18.8243	25.0527	9.05817	18.8243	25.0527	5.03815	3.84334	5.03815	3.84334	5.67825	5.67825	
('THR', 'LEU')	26.1492	26.1492	3.85904	3.85904	5.88138	5.88138	3.86081	8.37529	9.97878	3.86081	8.37529	9.97878	
('THR', 'LYS')	5.69502	5.69502	8.47875	8.47875	19.9941	19.9941	
('THR', 'MET')	5.75299	6.55848	21.528	5.75299	6.55848	21.528	
('THR', 'PHE')	16.8856	16.8856	3.8063	3.8063	20.6914	20.6914	
('THR', 'TRP')	3.88934	3.88934	5.87046	5.87046	
('TRP', 'ALA')	8.50881	18.4344	8.50881	18.4344	6.10566	6.10566	10.3884	9.3308	8.0061	10.3884	9.3308	8.0061	9.9737	9.9737	5.14895	12.7839	5.14895	4.93488	4.93488	5.48026	12.7839	5.48026	
('TRP', 'ARG')	3.87159	3.87159	16.3459	14.8491	13.6794	16.3459	14.8491	13.6794	5.64458	8.74143	5.64458	8.74143	13.7812	21.1698	13.7812	21.1698	
('TRP', 'CYS')	10.0447	10.0447	
('TRP', 'GLN')	21.1242	21.1242	8.89803	8.89803	15.255	23.2341	15.255	23.2341	
('TRP', 'HIS')	8.8601	8.8601	11.3326	12.2465	14.2615	11.3326	12.2465	14.2615	
('TRP', 'ILE')	6.22527	16.5534	22.7542	6.22527	16.5534	22.7542	10.1063	10.1538	11.6868	10.1063	10.1538	11.6868	9.70317	17.0289	8.54385	15.716	3.77397	9.85809	9.70317	8.54385	3.77397	3.83163	3.83163	6.52531	17.0289	15.716	9.85809	6.52531	
('TRP', 'LEU')	24.1936	24.1936	3.81271	3.81271	3.88431	3.88431	14.3829	15.0218	15.854	8.73342	9.69654	10.2425	5.37927	4.7848	5.75021	3.81732	5.52555	5.18661	14.3829	8.73342	5.37927	3.81732	5.70599	17.1374	15.0218	9.69654	4.7848	5.52555	5.3017	15.0363	15.854	10.2425	5.75021	5.18661	5.81192	14.6053	5.70599	5.3017	5.81192	17.1374	15.0363	14.6053	18.3828	8.41655	18.3828	8.41655	3.85327	3.85327	10.2294	18.6206	5.28528	10.6924	10.2294	5.28528	18.6206	10.6924	
('TRP', 'LYS')	14.7904	12.942	11.0962	14.7904	12.942	11.0962	
('TRP', 'MET')	5.4509	5.14095	19.9053	5.4509	5.14095	19.9053	5.43096	5.43096	12.2997	13.7907	14.9324	12.2997	13.7907	14.9324	5.99171	5.99171	
('TRP', 'PHE')	15.3086	15.3086	5.75848	5.75848	6.59073	8.66577	10.0536	6.59073	8.66577	10.0536	10.5438	10.5438	5.98011	14.3699	5.98011	14.3699	
('TRP', 'TRP')	3.80438	5.44417	3.80438	3.87168	5.44417	3.87168	8.81329	8.81329	
('TRP', 'TYR')	5.63589	5.63589	5.12973	5.59473	3.81732	5.12973	5.59473	3.81732	5.50272	5.50272	
('TYR', 'ALA')	6.1739	6.1739	8.3148	8.3148	5.97265	5.97265	
('TYR', 'ASP')	11.0482	11.0482	
('TYR', 'GLN')	5.49471	5.26704	5.49471	5.26704	
('TYR', 'GLU')	10.0871	10.0871	9.66679	9.66679	
('TYR', 'GLY')	5.80915	5.39583	14.2784	5.80915	5.39583	14.2784	26.383	22.7047	3.82458	26.383	22.7047	3.82458	9.56851	9.56851	12.2407	3.83005	12.2407	3.83005	8.17179	8.17179	
('TYR', 'HIS')	6.83414	6.83414	15.9556	15.9556	
('TYR', 'LYS')	10.4311	10.4311	21.1008	21.1008	6.65241	6.65241	
('TYR', 'PHE')	3.792	3.792	10.9811	10.9811	8.92292	8.92292	8.38924	8.38924	
('TYR', 'THR')	6.12715	6.12715	13.9221	13.9221	
('TYR', 'VAL')	8.82177	8.82177	16.3581	16.3581	3.80775	3.80775	10.4211	9.69957	10.4211	9.69957	3.83239	3.83239	
('VAL', 'ALA')	10.4444	21.1809	5.98682	16.4855	10.4444	5.98682	5.36759	5.21158	6.36288	5.36759	8.67204	5.21158	6.25347	6.36288	4.98138	21.1809	16.4855	8.67204	6.25347	4.98138	8.01898	8.01898	3.85328	3.85328	9.73524	9.73524	10.0991	10.0991	5.06935	5.35625	5.06935	5.35625	8.52036	8.52036	9.01395	9.01395	3.86522	3.86522	6.33218	16.5619	3.86265	12.1598	6.33218	3.86265	5.13832	8.48277	5.13832	6.22614	8.48277	5.48745	16.5619	12.1598	6.22614	5.48745	
('VAL', 'ARG')	5.52802	5.52802	16.0787	20.9156	15.0885	19.8556	5.28775	10.1968	16.0787	15.0885	5.28775	20.9156	19.8556	10.1968	16.5486	16.5486	
('VAL', 'CYS')	12.3533	8.66411	12.3533	8.66411	3.78612	5.47653	5.17925	3.78612	5.47653	5.17925	
('VAL', 'GLN')	24.4164	19.9584	10.6366	9.95617	8.64823	24.4164	19.9584	10.6366	9.95617	8.64823	5.41828	5.41828	19.385	20.83	3.82329	5.47091	19.385	3.82329	20.83	5.47091	18.9135	18.9135	
('VAL', 'ILE')	9.95458	20.0122	25.9898	5.15656	15.3258	21.2105	9.95458	5.15656	4.8588	6.08057	8.63127	4.8588	6.2306	12.5411	6.08057	5.25123	10.7803	8.63127	5.32431	9.94304	20.0122	15.3258	6.2306	5.25123	5.32431	25.9898	21.2105	12.5411	10.7803	9.94304	20.0019	20.0019	3.7949	19.9856	3.7949	3.82911	5.95555	3.82911	16.1924	5.95555	12.3067	19.9856	16.1924	12.3067	12.7145	10.9958	5.31811	3.86566	12.7145	10.9958	5.31811	3.86566	8.56775	18.0345	8.56775	18.0345	
('VAL', 'LEU')	26.7771	22.2232	14.1656	12.0878	10.1924	26.7771	22.2232	14.1656	12.0878	10.1924	5.27036	6.10251	5.27036	6.10251	24.8556	19.3803	14.4528	14.0737	6.31705	24.8556	19.3803	14.4528	14.0737	6.31705	5.36772	5.36772	5.45396	20.7854	5.45396	5.09647	10.4439	11.9842	5.09647	14.4675	10.4439	9.04573	11.9842	6.23857	20.7854	14.4675	9.04573	6.23857	5.3954	6.26295	16.435	5.3954	6.18618	15.3632	6.26295	4.95245	14.1238	6.18618	4.95245	5.96531	16.435	5.96531	5.72714	15.3632	14.1238	5.72714	14.4767	6.26089	14.4767	6.26089	5.62026	14.4048	5.62026	5.51063	5.51063	8.66632	14.4048	8.66632	
('VAL', 'LYS')	5.54228	5.54228	5.33809	22.3246	5.33809	22.8106	22.3246	5.28082	22.8106	5.28082	
('VAL', 'MET')	6.16604	8.56859	22.4982	3.81185	5.50148	18.237	6.16604	3.81185	8.46795	9.85137	10.6741	8.56859	5.50148	6.10266	8.68494	10.1021	8.46795	6.10266	9.76931	9.85137	8.68494	8.59377	10.6741	10.1021	6.0554	22.4982	18.237	9.76931	8.59377	6.0554	3.81698	3.81698	23.5982	23.5982	8.73513	6.21341	8.73513	6.21341	5.34482	5.34482	6.08405	6.08405	5.14154	5.14154	
('VAL', 'PHE')	18.2513	14.1261	5.14312	5.56826	3.8295	18.2513	14.1261	5.14312	5.56826	3.8295	18.1655	18.1655	24.0213	6.33451	24.0213	6.33451	5.53163	3.817	5.53163	3.817	9.88237	9.88237	10.1851	10.1851	9.80615	9.80615	3.7656	3.7656	
('VAL', 'THR')	3.81107	3.81107	5.95408	12.629	14.7346	16.0607	5.95408	12.629	14.7346	16.0607	5.17161	5.17161	15.3833	15.3833	
('VAL', 'TRP')	5.30969	5.30969	3.80817	10.4893	12.2776	14.3823	3.80817	10.4893	12.2776	14.3823	5.55505	5.55505	11.7814	9.90725	9.76394	11.7814	9.90725	9.76394	14.2228	12.137	3.87552	14.2228	12.137	3.87552	5.74946	5.74946	4.93466	4.93466	
('VAL', 'VAL')	5.21131	14.1006	15.3278	16.6375	5.21131	9.70783	10.438	12.3229	14.1006	9.70783	3.80391	5.50367	15.3278	10.438	3.80391	3.81096	16.6375	12.3229	5.50367	3.81096	18.0921	18.0921	3.81633	12.1403	3.81633	10.4212	12.1403	10.4212	10.5861	10.5861	
