('TRP', 'SER')	27.827	25.1019	27.827	8.37776	7.11604	8.37776	7.12998	7.11604	5.22758	25.1019	7.12998	5.22758	7.12998	18.0521	5.22758	17.2317	7.12998	5.22758	14.8461	28.3669	14.8461	22.3655	18.0521	17.2317	22.3655	16.7849	28.3669	16.7849	
('GLN', 'PHE')	26.0226	42.4778	26.0226	25.4101	42.4778	9.9339	25.4101	9.9339	
('THR', 'GLN')	28.4979	28.4979	9.08579	14.1058	19.6364	19.6625	11.5018	9.08579	14.1058	19.6364	19.6625	11.5018	9.08579	14.1058	19.6364	19.6625	11.5018	27.0275	32.6288	41.244	9.08579	50.9794	14.1058	37.5525	19.6364	32.1261	19.6625	32.7022	11.5018	50.6703	27.0275	26.8639	32.6288	18.9574	41.244	10.9791	50.9794	37.5525	32.1261	32.7022	50.6703	26.8639	18.9574	10.9791	
('GLN', 'GLN')	51.4232	51.4232	
('THR', 'MET')	21.04	5.72851	9.65972	6.38127	16.1942	21.04	5.72851	9.65972	6.38127	16.1942	9.38831	16.7624	24.5745	9.38831	16.7624	24.5745	
('PRO', 'PHE')	34.4368	51.213	23.6536	38.7767	20.8539	37.6254	34.4368	23.6536	20.8539	51.213	38.7767	37.6254	
('ARG', 'ILE')	16.4945	37.3121	16.4945	21.8922	19.1708	21.8922	5.03895	37.3121	5.03895	8.4055	19.1708	8.4055	5.03895	27.1713	5.03895	8.4055	14.8385	48.2983	54.0882	8.4055	22.097	14.8385	16.3437	27.1713	22.097	16.3437	26.0954	31.3838	48.2983	26.0954	54.0882	31.3838	
('LEU', 'MET')	14.5949	15.3745	13.9932	15.4878	14.5949	15.3745	13.9932	15.4878	14.5912	21.441	14.5912	21.441	
('TRP', 'GLU')	36.8703	36.8703	14.0234	9.73676	14.0234	9.73676	39.2812	42.3805	39.9121	43.4033	46.4365	49.7504	9.61551	11.0538	39.2812	39.9121	46.4365	9.61551	42.3805	43.4033	49.7504	11.0538	
('GLU', 'PRO')	10.5726	13.7904	5.98574	10.5726	13.7904	5.98574	57.0794	61.0167	44.9157	47.2697	43.4386	47.3605	57.0794	44.9157	43.4386	61.0167	47.2697	47.3605	
('MET', 'GLU')	32.6195	36.8081	32.6195	36.8081	
('ALA', 'SER')	32.29	29.5386	24.3454	21.5388	23.0223	19.8966	20.8445	18.9894	18.6739	15.714	7.45871	9.13379	32.29	24.3454	23.0223	20.8445	18.6739	7.45871	5.653	11.0544	16.5025	14.4488	4.04826	11.2828	10.8326	5.653	7.10759	11.0544	12.7741	16.5025	17.9104	14.4488	15.7528	4.04826	6.64584	29.5386	21.5388	19.8966	18.9894	15.714	9.13379	7.10759	12.7741	17.9104	15.7528	6.64584	7.11744	6.00137	11.2828	7.11744	10.8326	6.00137	17.9104	28.6459	15.7528	27.3484	6.64584	19.2129	17.9104	15.7528	6.64584	7.11744	6.00137	9.1125	9.78302	22.6421	22.8314	26.9656	7.11744	15.0455	6.00137	7.81495	9.1125	15.9008	9.78302	5.93862	28.6459	27.3484	19.2129	15.0455	7.81495	15.9008	5.93862	10.3392	10.6461	15.2727	22.6421	10.3392	22.8314	10.6461	26.9656	15.2727	
('PRO', 'MET')	24.9279	20.7066	11.2077	24.9279	20.7066	11.2077	
('ARG', 'PHE')	29.5409	46.2575	22.2523	38.1092	21.0578	37.3214	29.5409	22.2523	21.0578	21.6222	27.1509	46.2575	38.1092	37.3214	6.05234	10.3836	21.6222	6.05234	27.1509	10.3836	
('ARG', 'MET')	21.4558	17.779	10.3208	21.4558	17.779	10.3208	32.0038	37.4004	32.0038	37.4004	
('TRP', 'MET')	15.2984	11.6241	14.8808	15.2984	11.6241	14.8808	26.168	26.168	
('ARG', 'GLN')	38.3608	10.7	38.3608	10.7	8.07205	8.07205	10.7	54.1933	10.7	8.07205	13.8503	47.1892	52.5327	8.07205	47.0867	13.8503	44.8777	47.1892	6.94423	54.1933	47.0867	44.8777	6.94423	7.3542	52.5327	7.3542	
('SER', 'CYS')	13.7654	13.7654	18.6363	18.6363	
('GLY', 'GLU')	33.1339	16.629	<Vector 10.80, -5.62, 29.09>	<Vector 3.53, -1.65, 11.07>	<Vector -1.81, 5.89, -4.04>	<Vector -3.48, -4.09, -8.52>	<Vector -1.29, -14.19, 8.20>	<Vector -1.56, -15.35, 1.91>	9.21048	10.3107	21.681	19.4692	56.3301	56.3301	61.511	61.511	35.9612	35.9612	42.0462	42.0462	51.1027	51.1027	34.8012	34.8012	27.1509	27.1509	11.0977	11.0977	<Vector -6.02, 29.70, -45.40>	<Vector -7.69, 19.72, -49.88>	<Vector -5.50, 9.62, -33.17>	<Vector -5.77, 8.46, -39.45>	<Vector -7.38, 23.01, -37.74>	<Vector -2.87, 14.76, -24.71>	<Vector -5.54, 11.25, -16.63>	<Vector 1.17, 7.19, 0.25>	<Vector -10.83, 27.04, -49.92>	<Vector -12.50, 17.05, -54.40>	<Vector -10.31, 6.95, -37.69>	<Vector -10.58, 5.80, -43.97>	<Vector -12.19, 20.35, -42.25>	<Vector -7.68, 12.09, -29.23>	<Vector -10.35, 8.59, -21.14>	<Vector -3.64, 4.53, -4.27>	
('TYR', 'GLN')	16.3941	16.3941	13.2811	12.5383	7.89165	13.2811	12.5383	7.89165	13.2811	12.5383	7.89165	13.2811	47.3418	12.5383	41.8926	7.89165	45.4666	47.3418	41.8926	45.4666	
('TRP', 'CYS')	19.4705	14.4113	5.27224	19.4705	14.4113	5.27224	34.9466	34.9466	
('MET', 'PHE')	10.8751	27.0207	10.8751	27.0207	
('PRO', 'PRO')	21.4008	13.8084	21.4008	16.0827	13.8084	16.0827	21.4008	13.8084	21.4008	16.0827	13.8084	16.0827	
('ARG', 'GLU')	35.1558	35.1558	5.55873	10.8557	5.55873	10.8557	52.2411	55.1863	44.2572	47.3507	42.8455	46.9799	5.50528	5.28027	52.2411	44.2572	42.8455	5.50528	5.58793	55.1863	47.3507	46.9799	5.28027	5.15262	5.58793	5.15262	
('SER', 'MET')	9.9809	9.9809	11.0125	11.0125	
('GLY', 'TYR')	33.1339	33.1339	33.1339	33.1339	16.629	16.629	16.629	16.629	<Vector 4.02, -9.35, 20.98>	<Vector -3.25, -5.38, 2.96>	<Vector -8.59, 2.17, -12.15>	<Vector -10.26, -7.82, -16.63>	<Vector -8.07, -17.92, 0.08>	<Vector -8.34, -19.08, -6.20>	9.21048	9.21048	9.21048	9.21048	10.3107	10.3107	10.3107	10.3107	<Vector 0.06, -5.92, 25.53>	<Vector -7.20, -1.95, 7.51>	<Vector -12.54, 5.59, -7.60>	<Vector -14.21, -4.39, -12.08>	<Vector -12.02, -14.50, 4.63>	<Vector -12.29, -15.65, -1.65>	21.681	21.681	21.681	21.681	<Vector 7.87, 10.56, 25.15>	<Vector 0.61, 14.53, 7.13>	<Vector -4.74, 22.07, -7.98>	<Vector -6.40, 12.09, -12.46>	<Vector -4.21, 1.99, 4.25>	<Vector -4.48, 0.83, -2.03>	19.4692	19.4692	19.4692	19.4692	<Vector 13.34, 3.45, 27.06>	<Vector 6.08, 7.42, 9.04>	<Vector 0.73, 14.96, -6.07>	<Vector -0.93, 4.98, -10.55>	<Vector 1.26, -5.12, 6.17>	<Vector 0.99, -6.28, -0.12>	56.3301	56.3301	56.3301	61.511	61.511	61.511	<Vector -12.54, 5.59, -7.60>	<Vector -14.21, -4.39, -12.08>	<Vector -12.02, -14.50, 4.63>	<Vector -12.29, -15.65, -1.65>	<Vector -13.90, -1.10, 0.07>	<Vector -9.39, -9.36, 13.09>	<Vector -12.06, -12.86, 21.18>	<Vector -5.35, -16.92, 38.05>	35.9612	35.9612	35.9612	<Vector -4.74, 22.07, -7.98>	<Vector -6.40, 12.09, -12.46>	<Vector -4.21, 1.99, 4.25>	<Vector -4.48, 0.83, -2.03>	<Vector -6.10, 15.38, -0.31>	<Vector -1.58, 7.13, 12.71>	<Vector -4.25, 3.62, 20.80>	<Vector 2.46, -0.44, 37.67>	42.0462	42.0462	42.0462	<Vector 0.73, 14.96, -6.07>	<Vector -0.93, 4.98, -10.55>	<Vector 1.26, -5.12, 6.17>	<Vector 0.99, -6.28, -0.12>	<Vector -0.63, 8.27, 1.60>	<Vector 3.89, 0.02, 14.62>	<Vector 1.22, -3.49, 22.71>	<Vector 7.93, -7.55, 39.58>	51.1027	51.1027	51.1027	34.8012	34.8012	34.8012	27.1509	27.1509	27.1509	11.0977	11.0977	11.0977	
('THR', 'ILE')	10.021	27.9072	10.021	20.097	15.0023	16.1428	18.4375	22.1947	27.9072	5.40487	15.9689	21.8452	22.5328	10.6758	20.097	5.40487	15.0023	15.9689	16.1428	21.8452	18.4375	22.5328	22.1947	10.6758	5.40487	15.9689	21.8452	22.5328	10.6758	27.4359	34.3323	41.9409	5.40487	25.8006	15.9689	10.1471	21.8452	9.24197	22.5328	6.50204	10.6758	22.3219	25.8006	10.1471	9.24197	6.50204	22.3219	5.36929	10.868	18.6581	27.4359	5.36929	34.3323	10.868	41.9409	18.6581	
('VAL', 'PHE')	12.0438	27.5395	11.6202	26.1341	26.1417	42.7556	18.5487	35.013	16.0153	31.5803	14.8873	30.4533	12.3092	28.9768	10.9059	25.6571	12.0438	11.6202	26.1417	18.5487	16.0153	14.8873	12.3092	10.9059	5.74571	18.8105	5.74571	12.7118	27.5395	26.1341	42.7556	35.013	31.5803	30.4533	28.9768	25.6571	12.7118	5.29625	18.8105	5.29625	
('ARG', 'CYS')	15.5721	19.2368	5.50815	15.5721	19.2368	5.50815	40.9882	46.7474	40.9882	46.7474	
('ALA', 'PRO')	51.1756	37.6985	37.7152	42.2959	30.8044	28.8543	41.8058	28.3833	28.3868	39.87	27.2592	27.0272	36.9646	25.0506	23.5903	24.8567	15.426	14.4252	16.5131	11.7182	6.396	13.8581	16.5709	7.10987	5.76936	18.7689	8.92948	51.1756	42.2959	41.8058	39.87	36.9646	24.8567	16.5131	13.8581	5.76936	6.83305	17.5413	23.3616	26.9791	6.83305	15.5325	7.9755	37.6985	30.8044	28.3833	27.2592	25.0506	15.426	11.7182	16.5709	18.7689	15.5325	7.19354	13.3706	16.5115	17.5413	7.19354	9.35893	23.3616	13.3706	12.0422	26.9791	16.5115	13.7032	37.7152	28.8543	28.3868	27.0272	23.5903	14.4252	6.396	7.10987	8.92948	7.9755	9.35893	12.0422	13.7032	5.76936	18.7689	8.92948	5.76936	6.83305	17.5413	23.3616	26.9791	18.7519	28.8682	42.7273	44.3411	47.108	6.83305	15.5325	7.9755	18.7689	15.5325	7.19354	13.3706	16.5115	17.889	20.5425	32.6106	31.699	36.4039	17.5413	7.19354	9.35893	23.3616	13.3706	12.0422	26.9791	16.5115	13.7032	8.92948	7.9755	9.35893	12.0422	13.7032	5.07432	15.431	28.9199	30.6917	33.3732	18.7519	17.889	5.07432	28.8682	20.5425	15.431	42.7273	32.6106	28.9199	44.3411	31.699	30.6917	47.108	36.4039	33.3732	
('TRP', 'GLN')	39.0377	39.0377	11.8694	9.20891	11.8694	9.20891	11.8694	9.20891	15.5862	41.3936	11.8694	42.2328	9.20891	42.6168	15.5862	47.8771	41.3936	11.1248	42.2328	42.6168	47.8771	11.1248	
('GLU', 'GLN')	7.73497	7.73497	48.5021	52.3471	48.5021	5.52609	5.52609	5.25411	52.3471	5.25411	
('TYR', 'PRO')	21.2137	11.7562	13.2201	21.2137	20.0658	22.6374	15.1176	20.0658	5.22619	14.3467	11.7562	5.22619	15.8469	16.3266	22.6374	15.8469	13.6824	15.1176	16.3266	5.42427	13.2201	14.3467	13.6824	5.42427	20.0658	22.6374	15.1176	20.0658	5.22619	14.3467	5.22619	15.8469	16.3266	22.6374	15.8469	13.6824	15.1176	16.3266	5.42427	14.3467	13.6824	5.42427	
('TRP', 'THR')	10.957	36.5747	26.0042	21.4185	23.7416	38.4491	10.957	18.4833	19.3297	36.5747	10.1409	10.0732	18.4833	10.1409	9.67807	11.1897	14.4129	18.5145	19.3297	10.0732	6.23281	11.2991	12.4914	13.4716	26.0042	9.67807	6.23281	21.4185	11.1897	11.2991	23.7416	14.4129	12.4914	38.4491	18.5145	13.4716	10.1409	10.0732	17.0903	40.29	10.1409	9.67807	11.1897	14.4129	18.5145	20.8781	24.1965	32.3456	10.0732	6.23281	11.2991	12.4914	13.4716	18.7737	24.0968	32.327	9.67807	6.23281	14.9293	27.902	11.1897	11.2991	22.0621	22.1312	14.4129	12.4914	20.4218	23.8167	18.5145	13.4716	5.54016	41.6043	17.0903	14.9293	22.0621	20.4218	5.54016	21.0272	30.8852	37.0828	20.8781	18.7737	21.0272	18.6902	24.1965	24.0968	30.8852	10.4163	32.3456	32.327	37.0828	5.28721	40.29	27.902	22.1312	23.8167	41.6043	18.6902	10.4163	5.28721	
('SER', 'PHE')	13.9006	30.3441	5.36466	19.1758	13.9006	5.36466	30.3441	19.1758	
('TRP', 'TRP')	29.0755	29.8351	29.0755	5.40285	29.8351	5.40285	5.40285	19.4978	31.5491	5.40285	14.539	32.3951	19.4978	14.539	39.0484	31.5491	32.3951	39.0484	
('TRP', 'ARG')	5.50214	40.0575	33.5705	5.50214	29.2102	29.314	40.0575	17.0249	13.9197	33.5705	5.16364	6.17058	29.2102	17.0249	5.16364	29.314	13.9197	6.17058	17.0249	13.9197	11.063	44.1694	5.16364	6.17058	17.9188	36.4469	17.0249	5.16364	17.6427	37.2223	42.6985	13.9197	6.17058	12.255	38.2929	43.8618	11.063	17.9188	7.16319	45.1968	51.1027	17.6427	12.255	7.16319	36.3307	44.1694	36.4469	36.3307	6.25596	12.6834	37.2223	38.2929	45.1968	6.25596	42.6985	43.8618	51.1027	12.6834	
('ARG', 'ARG')	37.9901	33.1943	37.9901	12.9394	33.1943	12.9394	12.9394	14.7371	50.3412	56.3301	12.9394	17.0512	42.2209	47.7744	14.7371	17.0512	42.2464	47.6949	50.3412	42.2209	42.2464	6.62138	56.3301	47.7744	47.6949	6.62138	
('TRP', 'ILE')	19.2287	38.7138	19.2287	16.8645	16.1311	38.7138	12.9906	10.5592	16.8645	12.9906	16.1311	10.5592	12.9906	10.5592	13.4195	42.2582	12.9906	18.5119	10.5592	16.2385	13.4195	20.5052	18.5119	16.2385	20.5052	20.4194	42.2582	20.4194	
('THR', 'TYR')	19.089	21.308	22.6732	24.9032	19.089	11.3676	14.2088	18.8502	20.4746	14.6754	11.3676	5.62104	16.7709	14.4803	21.308	5.62104	15.0929	18.8969	21.4736	16.5632	14.2088	15.0929	9.64107	8.56294	18.8502	18.8969	10.5126	14.7148	20.4746	21.4736	10.9996	12.9933	22.6732	16.7709	9.64107	10.5126	10.9996	19.4692	24.9032	14.4803	8.56294	14.7148	12.9933	10.6301	14.6754	16.5632	19.4692	10.6301	5.62104	16.7709	14.4803	5.62104	15.0929	18.8969	21.4736	16.5632	24.1384	30.3447	36.8045	15.0929	9.64107	8.56294	18.8969	10.5126	14.7148	21.4736	10.9996	12.9933	16.7709	9.64107	10.5126	10.9996	19.4692	21.5551	23.1682	32.8042	14.4803	8.56294	14.7148	12.9933	10.6301	21.0025	26.607	35.4746	16.5632	19.4692	10.6301	24.1384	21.5551	21.0025	30.3447	23.1682	26.607	36.8045	32.8042	35.4746	
('ALA', 'GLY')	<Vector 2.44, 3.43, -9.96>	<Vector -4.82, 7.40, -27.98>	<Vector -10.17, 14.95, -43.08>	<Vector -11.83, 4.96, -47.57>	<Vector -9.64, -5.14, -30.85>	<Vector -9.91, -6.30, -37.13>	<Vector 6.78, 0.20, -2.29>	<Vector -0.49, 4.17, -20.31>	<Vector -5.83, 11.72, -35.41>	<Vector -7.50, 1.73, -39.90>	<Vector -5.31, -8.37, -23.18>	<Vector -5.58, -9.53, -29.46>	<Vector 3.39, 3.81, -0.18>	<Vector -3.87, 7.78, -18.21>	<Vector -9.21, 15.33, -33.31>	<Vector -10.88, 5.34, -37.80>	<Vector -8.69, -4.76, -21.08>	<Vector -8.96, -5.91, -27.36>	33.1339	33.1339	33.1339	33.1339	33.1339	33.1339	33.1339	33.1339	33.1339	33.1339	33.1339	33.1339	33.1339	<Vector 3.75, -3.39, 0.60>	<Vector -3.52, 0.59, -17.43>	<Vector -8.86, 8.13, -32.53>	<Vector -10.53, -1.86, -37.02>	<Vector -8.34, -11.96, -20.30>	<Vector -8.61, -13.11, -26.58>	<Vector 5.91, 0.50, 3.52>	<Vector -1.36, 4.47, -14.51>	<Vector -6.70, 12.01, -29.61>	<Vector -8.37, 2.03, -34.10>	<Vector -6.18, -8.08, -17.38>	<Vector -6.44, -9.23, -23.66>	<Vector 5.63, -8.59, 15.90>	<Vector -1.64, -4.62, -2.12>	<Vector -6.98, 2.92, -17.23>	<Vector -8.65, -7.06, -21.71>	<Vector -6.46, -17.17, -5.00>	<Vector -6.72, -18.32, -11.28>	16.629	16.629	16.629	16.629	16.629	16.629	16.629	16.629	16.629	16.629	16.629	16.629	16.629	<Vector 8.49, -4.75, 23.66>	<Vector 1.23, -0.78, 5.64>	<Vector -4.11, 6.76, -9.47>	<Vector -5.78, -3.22, -13.95>	<Vector -3.59, -13.32, 2.76>	<Vector -3.86, -14.48, -3.52>	<Vector 12.57, -8.76, 25.36>	<Vector 5.31, -4.79, 7.34>	<Vector -0.03, 2.75, -7.77>	<Vector -1.70, -7.23, -12.25>	<Vector 0.49, -17.33, 4.47>	<Vector 0.22, -18.49, -1.82>	9.21048	9.21048	9.21048	9.21048	9.21048	9.21048	9.21048	9.21048	9.21048	9.21048	9.21048	9.21048	9.21048	<Vector 14.83, -6.74, 32.98>	<Vector 7.57, -2.77, 14.95>	<Vector 2.22, 4.78, -0.15>	<Vector 0.56, -5.21, -4.64>	<Vector 2.75, -15.31, 12.08>	<Vector 2.48, -16.47, 5.80>	10.3107	10.3107	10.3107	10.3107	10.3107	10.3107	10.3107	10.3107	10.3107	10.3107	10.3107	10.3107	10.3107	<Vector 11.92, -4.03, 33.05>	<Vector 4.65, -0.06, 15.03>	<Vector -0.69, 7.49, -0.08>	<Vector -2.36, -2.50, -4.57>	<Vector -0.17, -12.60, 12.15>	<Vector -0.43, -13.76, 5.87>	<Vector 4.53, -2.98, 25.12>	<Vector -2.74, 0.99, 7.09>	<Vector -8.08, 8.53, -8.01>	<Vector -9.75, -1.45, -12.50>	<Vector -7.56, -11.55, 4.22>	<Vector -7.82, -12.71, -2.06>	<Vector 6.49, 6.69, 21.15>	<Vector -0.77, 10.66, 3.12>	<Vector -6.12, 18.21, -11.98>	<Vector -7.78, 8.22, -16.47>	<Vector -5.59, -1.88, 0.25>	<Vector -5.86, -3.03, -6.03>	<Vector 7.42, 3.19, 14.56>	<Vector 0.15, 7.16, -3.46>	<Vector -5.19, 14.71, -18.56>	<Vector -6.86, 4.72, -23.05>	<Vector -4.67, -5.38, -6.33>	<Vector -4.94, -6.54, -12.61>	21.681	21.681	21.681	21.681	21.681	21.681	21.681	21.681	21.681	21.681	21.681	21.681	21.681	19.4692	19.4692	19.4692	19.4692	19.4692	19.4692	19.4692	19.4692	19.4692	19.4692	19.4692	19.4692	19.4692	56.3301	56.3301	56.3301	56.3301	56.3301	56.3301	56.3301	56.3301	56.3301	56.3301	<Vector 2.22, 4.78, -0.15>	<Vector 0.56, -5.21, -4.64>	<Vector 2.75, -15.31, 12.08>	<Vector 2.48, -16.47, 5.80>	<Vector 0.86, -1.92, 7.51>	<Vector 5.38, -10.17, 20.54>	<Vector 2.71, -13.67, 28.62>	<Vector 9.42, -17.73, 45.49>	61.511	61.511	61.511	61.511	61.511	61.511	61.511	61.511	61.511	61.511	<Vector -0.69, 7.49, -0.08>	<Vector -2.36, -2.50, -4.57>	<Vector -0.17, -12.60, 12.15>	<Vector -0.43, -13.76, 5.87>	<Vector -2.05, 0.79, 7.58>	<Vector 2.47, -7.46, 20.61>	<Vector -0.20, -10.96, 28.69>	<Vector 6.51, -15.02, 45.57>	<Vector -8.08, 8.53, -8.01>	<Vector -9.75, -1.45, -12.50>	<Vector -7.56, -11.55, 4.22>	<Vector -7.82, -12.71, -2.06>	<Vector -9.44, 1.84, -0.35>	<Vector -4.92, -6.41, 12.67>	<Vector -7.59, -9.92, 20.76>	<Vector -0.88, -13.98, 37.63>	<Vector -6.12, 18.21, -11.98>	<Vector -7.78, 8.22, -16.47>	<Vector -5.59, -1.88, 0.25>	<Vector -5.86, -3.03, -6.03>	<Vector -7.48, 11.52, -4.32>	<Vector -2.96, 3.26, 8.70>	<Vector -5.63, -0.24, 16.79>	<Vector 1.08, -4.30, 33.66>	<Vector -5.19, 14.71, -18.56>	<Vector -6.86, 4.72, -23.05>	<Vector -4.67, -5.38, -6.33>	<Vector -4.94, -6.54, -12.61>	<Vector -6.55, 8.01, -10.90>	<Vector -2.04, -0.24, 2.12>	<Vector -4.71, -3.74, 10.21>	<Vector 2.01, -7.80, 27.08>	35.9612	35.9612	35.9612	35.9612	35.9612	35.9612	35.9612	35.9612	35.9612	35.9612	42.0462	42.0462	42.0462	42.0462	42.0462	42.0462	42.0462	42.0462	42.0462	42.0462	51.1027	51.1027	51.1027	51.1027	51.1027	51.1027	51.1027	51.1027	51.1027	51.1027	<Vector 1.85, 10.70, -12.43>	<Vector 0.19, 0.72, -16.92>	<Vector 2.38, -9.38, -0.20>	<Vector 2.11, -10.54, -6.48>	<Vector 0.49, 4.01, -4.77>	<Vector 5.01, -4.24, 8.25>	<Vector 2.34, -7.75, 16.34>	<Vector 9.05, -11.81, 33.21>	<Vector -2.54, 10.12, -22.47>	<Vector -4.21, 0.13, -26.95>	<Vector -2.02, -9.97, -10.23>	<Vector -2.28, -11.13, -16.52>	<Vector -3.90, 3.42, -14.80>	<Vector 0.62, -4.83, -1.78>	<Vector -2.06, -8.34, 6.31>	<Vector 4.66, -12.40, 23.18>	34.8012	34.8012	34.8012	34.8012	34.8012	34.8012	34.8012	34.8012	34.8012	34.8012	27.1509	27.1509	27.1509	27.1509	27.1509	27.1509	27.1509	27.1509	27.1509	27.1509	<Vector -2.20, 18.77, -34.76>	<Vector -3.86, 8.78, -39.25>	<Vector -1.67, -1.32, -22.53>	<Vector -1.94, -2.47, -28.81>	<Vector -3.56, 12.08, -27.10>	<Vector 0.96, 3.82, -14.08>	<Vector -1.71, 0.32, -5.99>	<Vector 5.00, -3.74, 10.88>	<Vector -7.42, 18.23, -35.71>	<Vector -9.09, 8.25, -40.19>	<Vector -6.90, -1.86, -23.48>	<Vector -7.17, -3.01, -29.76>	<Vector -8.78, 11.54, -28.04>	<Vector -4.27, 3.28, -15.02>	<Vector -6.94, -0.22, -6.93>	<Vector -0.22, -4.28, 9.94>	<Vector -2.86, 23.80, -37.50>	<Vector -4.52, 13.81, -41.98>	<Vector -2.33, 3.71, -25.26>	<Vector -2.60, 2.56, -31.55>	<Vector -4.22, 17.11, -29.83>	<Vector 0.30, 8.85, -16.81>	<Vector -2.37, 5.35, -8.72>	<Vector 4.34, 1.29, 8.15>	11.0977	11.0977	11.0977	11.0977	11.0977	11.0977	11.0977	11.0977	11.0977	11.0977	
('ILE', 'TYR')	10.5554	15.0475	23.0914	21.8874	10.5554	12.1042	12.1042	9.16492	17.2939	12.1771	15.0475	9.16492	23.0914	17.2939	21.8874	12.1771	9.16492	17.2939	12.1771	9.16492	23.5539	17.2939	17.2201	12.1771	17.3722	23.5539	17.2201	17.3722	
('LEU', 'SER')	30.2987	27.6509	15.1851	13.5097	12.764	9.78305	6.58477	4.46152	5.89358	7.84474	30.2987	15.1851	12.764	6.58477	5.89358	7.73595	9.82494	9.16447	3.98146	10.9671	7.73595	9.88716	9.82494	13.3906	9.16447	9.83583	3.98146	5.41429	27.6509	13.5097	9.78305	4.46152	7.84474	9.88716	13.3906	9.83583	5.41429	9.54153	10.9671	9.54153	9.83583	21.8349	5.41429	16.5711	9.83583	5.41429	9.54153	17.8694	18.0704	24.0692	9.54153	20.9094	17.8694	24.7356	21.8349	16.5711	20.9094	24.7356	5.39093	13.1118	18.0704	5.39093	24.0692	13.1118	
('GLY', 'MET')	56.3301	61.511	35.9612	42.0462	51.1027	<Vector 1.68, 14.09, -17.82>	<Vector 0.02, 4.11, -22.30>	<Vector 2.21, -5.99, -5.58>	<Vector 1.94, -7.15, -11.87>	<Vector 0.32, 7.40, -10.15>	<Vector 4.84, -0.85, 2.87>	<Vector 2.17, -4.36, 10.96>	<Vector 8.88, -8.42, 27.83>	34.8012	27.1509	11.0977	
('THR', 'PHE')	26.3386	42.3772	12.2121	28.9685	7.40063	22.902	8.48178	23.8863	26.3216	42.9951	7.57391	20.3607	26.3386	12.2121	7.40063	8.48178	26.3216	7.57391	6.92645	15.4056	6.92645	10.2879	15.4056	7.57129	42.3772	28.9685	22.902	23.8863	42.9951	20.3607	10.2879	7.57129	
('TYR', 'GLU')	11.2104	11.2104	11.3114	16.9093	9.63654	11.3114	16.9093	9.63654	45.31	47.4759	38.2134	42.6696	42.5453	46.9312	45.31	38.2134	42.5453	47.4759	42.6696	46.9312	
('ARG', 'SER')	26.3895	24.2657	26.3895	12.8486	8.63048	12.8486	16.1647	8.63048	9.69392	24.2657	16.1647	9.69392	16.1647	27.7238	9.69392	22.0812	16.1647	9.69392	13.5144	34.4358	40.317	13.5144	20.3135	27.7238	22.0812	20.3135	23.0001	29.1217	34.4358	23.0001	40.317	29.1217	
('HIS', 'ILE')	20.7266	39.5051	20.7266	39.5051	
('GLY', 'CYS')	56.3301	61.511	35.9612	42.0462	51.1027	<Vector 4.93, 4.77, -13.55>	<Vector 3.27, -5.22, -18.04>	<Vector 5.46, -15.32, -1.32>	<Vector 5.19, -16.47, -7.60>	<Vector 3.57, -1.92, -5.89>	<Vector 8.09, -10.18, 7.13>	<Vector 5.42, -13.68, 15.22>	<Vector 12.13, -17.74, 32.09>	34.8012	27.1509	11.0977	
('SER', 'PRO')	21.0411	8.38805	11.5181	21.0411	22.5617	8.38805	11.1434	22.5617	11.1434	10.6229	11.5181	10.6229	22.5617	33.8512	11.1434	22.729	22.5617	11.1434	10.6229	10.6229	20.2933	33.8512	22.729	20.2933	
('ALA', 'GLN')	43.4512	35.2942	33.7048	33.0075	29.5737	19.714	10.815	12.7608	9.63754	5.73206	43.4512	35.2942	33.7048	33.0075	29.5737	19.714	10.815	12.7608	9.63754	5.73206	9.68384	13.3988	18.5902	9.68384	13.3988	18.5902	9.63754	54.5136	5.73206	53.2222	9.63754	5.73206	9.68384	13.3988	18.5902	13.587	22.4242	35.2177	36.1983	39.0567	9.68384	45.3011	13.3988	38.5149	18.5902	33.1523	13.587	41.0122	22.4242	31.7458	35.2177	16.9994	36.1983	16.1618	39.0567	12.7074	54.5136	53.2222	45.3011	38.5149	33.1523	41.0122	31.7458	16.9994	16.1618	12.7074	
('LEU', 'GLU')	38.2214	23.4123	21.3676	16.0907	16.0392	9.41988	7.6193	38.2214	23.4123	21.3676	16.0907	16.0392	9.41988	7.6193	4.21929	13.2324	9.88651	4.21929	13.2324	9.88651	45.2382	48.7837	39.4895	41.9366	42.5025	46.3945	47.599	51.5232	20.4977	23.2636	12.4297	15.9299	45.2382	39.4895	42.5025	47.599	20.4977	12.4297	48.7837	41.9366	46.3945	51.5232	23.2636	15.9299	
('ILE', 'SER')	10.9799	11.0976	10.9799	11.1626	11.1626	13.8975	11.0976	13.8975	13.8975	26.3541	13.8975	13.4989	13.4989	7.57517	26.3541	7.57517	
('VAL', 'ILE')	6.71533	27.3242	5.40056	22.1393	6.71533	5.40056	5.37685	16.4412	13.2711	20.0675	24.6303	5.37685	19.6086	16.4412	5.70069	27.3242	22.1393	19.6086	5.70069	17.1963	20.8559	10.4213	13.2711	17.1963	20.0675	20.8559	24.6303	10.4213	17.1963	20.8559	10.4213	13.295	19.393	19.0152	16.553	23.3378	31.8428	46.1188	17.1963	13.618	20.8559	12.0944	10.4213	22.4074	13.295	15.1725	19.393	10.7172	19.0152	10.9858	16.553	9.73053	23.3378	5.76989	13.618	12.0944	22.4074	15.1725	10.7172	10.9858	9.73053	5.76989	11.0934	21.8338	31.8428	11.0934	46.1188	21.8338	
('TRP', 'PRO')	47.1618	32.8441	33.8535	47.1618	22.273	18.6078	32.8441	7.24983	9.8999	22.273	7.24983	13.3941	18.6078	9.8999	8.04559	33.8535	13.3941	8.04559	22.273	18.6078	15.3623	50.0449	7.24983	9.8999	20.1915	36.5197	22.273	7.24983	13.3941	18.6078	9.8999	8.04559	13.3941	8.04559	8.30978	36.4477	15.3623	20.1915	8.30978	50.0449	36.5197	36.4477	
('ARG', 'TYR')	27.0068	30.7696	32.7593	34.0427	27.0068	11.6522	12.7795	11.6522	11.1072	21.4575	14.9526	30.7696	11.1072	7.74786	12.7795	7.74786	11.5395	11.4477	32.7593	21.4575	11.5395	34.0427	14.9526	11.4477	11.1072	21.4575	14.9526	11.1072	7.74786	18.4581	42.6378	48.7132	7.74786	11.5395	11.4477	21.4575	11.5395	16.875	37.4082	42.0462	14.9526	11.4477	8.66058	41.8358	46.9679	18.4581	16.875	8.66058	42.6378	37.4082	41.8358	48.7132	42.0462	46.9679	
('ALA', 'LEU')	5.30271	18.2766	19.8211	25.888	27.8375	33.6664	38.7636	39.0884	32.0245	38.002	5.30271	6.15684	9.48136	10.02	11.952	25.8543	32.5287	35.4981	42.8251	42.0569	33.7325	30.2871	23.2163	6.15684	9.84639	11.9558	18.1474	20.2815	24.7849	30.035	30.641	24.7592	30.1708	9.48136	10.5807	10.3954	16.4767	19.2158	25.1207	30.1931	29.4991	22.5809	28.1964	10.02	6.04954	9.60132	15.0323	16.0399	21.4504	26.4127	28.154	21.4398	28.273	11.952	5.58167	6.10519	12.3578	15.0006	19.8414	25.0368	24.9983	18.961	24.4341	18.2766	9.84639	10.5807	6.04954	5.58167	10.4711	17.5855	20.821	28.3627	27.4826	18.8079	18.4347	11.2765	19.8211	11.9558	10.3954	9.60132	6.10519	10.9106	15.5065	19.8868	26.5402	25.0328	15.9557	13.5042	6.5501	25.888	18.1474	16.4767	15.0323	12.3578	7.64006	10.243	15.4196	21.6039	19.7212	9.84867	10.2817	6.10584	27.8375	20.2815	19.2158	16.0399	15.0006	5.15203	10.4654	14.8397	21.5948	20.0247	9.93507	14.5485	11.1612	25.8543	10.4711	10.9106	7.64006	5.15203	5.83953	10.2078	14.4353	10.6523	17.1527	33.6664	24.7849	25.1207	21.4504	19.8414	5.83953	5.46241	5.94472	13.9034	13.8192	8.98209	16.108	13.8468	32.5287	17.5855	15.5065	10.243	10.4654	5.46241	7.13642	5.4068	8.74583	9.37245	38.7636	30.035	30.1931	26.4127	25.0368	10.2078	7.13642	5.19053	11.2739	11.5287	9.50555	18.938	18.3531	35.4981	20.821	19.8868	15.4196	14.8397	5.94472	5.19053	8.23024	14.5253	13.5347	42.8251	28.3627	26.5402	21.6039	21.5948	13.9034	11.2739	8.92148	18.8655	13.6514	42.0569	27.4826	25.0328	19.7212	20.0247	13.8192	11.5287	6.01886	16.1543	10.2716	39.0884	30.641	29.4991	28.154	24.9983	14.4353	5.4068	8.23024	8.92148	6.01886	5.6069	11.3938	14.639	33.7325	18.8079	15.9557	9.84867	9.93507	8.98209	9.50555	5.6069	5.39817	7.86328	32.0245	24.7592	22.5809	21.4398	18.961	10.6523	8.74583	14.5253	18.8655	16.1543	5.39817	9.65516	10.6338	30.2871	18.4347	13.5042	10.2817	14.5485	16.108	18.938	11.3938	9.65516	7.29597	23.2163	11.2765	6.5501	6.10584	11.1612	13.8468	18.3531	14.639	10.6338	13.1156	38.002	30.1708	28.1964	28.273	24.4341	17.1527	9.37245	13.5347	13.6514	10.2716	7.86328	7.29597	13.1156	8.92148	18.8655	13.6514	9.60345	33.3372	40.5186	6.01886	16.1543	10.2716	12.0983	32.2704	38.7851	8.92148	6.01886	5.6069	11.3938	14.639	9.29536	17.5692	31.227	32.19	35.5164	5.6069	5.39817	7.86328	16.6785	24.5592	30.633	18.8655	16.1543	5.39817	9.65516	10.6338	13.7032	14.4215	26.5857	25.8825	30.6392	11.3938	9.65516	7.29597	20.3828	19.7409	23.4073	14.639	10.6338	13.1156	20.0563	12.8344	18.5558	13.6514	10.2716	7.86328	7.29597	13.1156	10.6354	17.8908	29.6298	30.5076	33.2206	9.60345	12.0983	16.6785	20.3828	20.0563	10.1359	19.0364	32.3431	34.8759	37.2495	9.29536	13.7032	10.6354	10.1359	20.1628	27.3705	17.5692	14.4215	17.8908	19.0364	10.1761	18.8262	33.3372	32.2704	24.5592	19.7409	12.8344	20.1628	10.1761	5.35977	6.56785	10.8075	31.227	26.5857	29.6298	32.3431	5.35977	7.12137	32.19	25.8825	30.5076	34.8759	6.56785	5.34284	40.5186	38.7851	30.633	23.4073	18.5558	27.3705	18.8262	7.12137	5.34284	5.43486	35.5164	30.6392	33.2206	37.2495	10.8075	5.43486	
('PRO', 'CYS')	19.2684	21.7915	8.6915	19.2684	21.7915	8.6915	
('ASP', 'CYS')	20.7999	20.7999	
('TRP', 'PHE')	17.7379	33.1331	17.3043	33.8281	24.5911	40.8708	17.7379	17.3043	24.5911	15.8002	15.8002	5.22364	33.1331	33.8281	40.8708	5.22364	
('CYS', 'GLU')	41.9045	45.4627	41.9045	45.4627	
('ILE', 'PRO')	30.499	17.9412	19.0846	30.499	11.0219	11.0219	10.6308	10.3967	17.9412	10.6308	19.0846	10.3967	11.0219	31.0726	11.0219	10.6308	10.3967	10.6308	24.3931	10.3967	17.3337	31.0726	24.3931	17.3337	
('TRP', 'GLY')	<Vector 0.83, 3.71, -5.16>	<Vector -6.43, 7.68, -23.18>	<Vector -11.78, 15.23, -38.29>	<Vector -13.44, 5.24, -42.77>	<Vector -11.25, -4.86, -26.05>	<Vector -11.52, -6.02, -32.34>	33.1339	33.1339	33.1339	16.629	16.629	16.629	9.21048	9.21048	9.21048	10.3107	10.3107	10.3107	<Vector 1.68, 3.69, 23.91>	<Vector -5.58, 7.66, 5.88>	<Vector -10.92, 15.21, -9.22>	<Vector -12.59, 5.22, -13.71>	<Vector -10.40, -4.88, 3.01>	<Vector -10.67, -6.04, -3.27>	<Vector 6.66, 1.59, 24.03>	<Vector -0.60, 5.56, 6.00>	<Vector -5.95, 13.11, -9.10>	<Vector -7.61, 3.12, -13.59>	<Vector -5.42, -6.98, 3.13>	<Vector -5.69, -8.14, -3.15>	21.681	21.681	21.681	19.4692	19.4692	19.4692	56.3301	56.3301	56.3301	56.3301	61.511	61.511	61.511	61.511	<Vector -10.92, 15.21, -9.22>	<Vector -12.59, 5.22, -13.71>	<Vector -10.40, -4.88, 3.01>	<Vector -10.67, -6.04, -3.27>	<Vector -12.28, 8.51, -1.56>	<Vector -7.77, 0.26, 11.47>	<Vector -10.44, -3.24, 19.55>	<Vector -3.73, -7.30, 36.42>	<Vector -5.95, 13.11, -9.10>	<Vector -7.61, 3.12, -13.59>	<Vector -5.42, -6.98, 3.13>	<Vector -5.69, -8.14, -3.15>	<Vector -7.31, 6.42, -1.44>	<Vector -2.79, -1.84, 11.59>	<Vector -5.46, -5.34, 19.67>	<Vector 1.25, -9.40, 36.54>	35.9612	35.9612	35.9612	35.9612	42.0462	42.0462	42.0462	42.0462	<Vector 3.38, 1.96, -9.37>	<Vector 1.71, -8.03, -13.86>	<Vector 3.90, -18.13, 2.86>	<Vector 3.64, -19.28, -3.42>	<Vector 2.02, -4.73, -1.71>	<Vector 6.54, -12.99, 11.32>	<Vector 3.87, -16.49, 19.40>	<Vector 10.58, -20.55, 36.28>	51.1027	51.1027	51.1027	51.1027	34.8012	34.8012	34.8012	34.8012	27.1509	27.1509	27.1509	27.1509	<Vector -9.53, 22.69, -39.84>	<Vector -11.20, 12.70, -44.32>	<Vector -9.01, 2.60, -27.61>	<Vector -9.28, 1.44, -33.89>	<Vector -10.89, 15.99, -32.18>	<Vector -6.38, 7.74, -19.15>	<Vector -9.05, 4.24, -11.07>	<Vector -2.33, 0.18, 5.81>	11.0977	11.0977	11.0977	11.0977	
('LEU', 'CYS')	13.0265	17.8012	16.4042	6.55991	13.0265	17.8012	16.4042	6.55991	22.2633	30.8976	22.2633	30.8976	
('GLY', 'GLN')	33.1339	16.629	9.21048	10.3107	<Vector 8.81, 0.78, 32.95>	<Vector 1.54, 4.75, 14.92>	<Vector -3.80, 12.30, -0.18>	<Vector -5.47, 2.31, -4.67>	<Vector -3.28, -7.79, 12.05>	<Vector -3.55, -8.94, 5.77>	21.681	19.4692	56.3301	56.3301	61.511	61.511	<Vector -3.80, 12.30, -0.18>	<Vector -5.47, 2.31, -4.67>	<Vector -3.28, -7.79, 12.05>	<Vector -3.55, -8.94, 5.77>	<Vector -5.16, 5.61, 7.48>	<Vector -0.65, -2.65, 20.50>	<Vector -3.32, -6.15, 28.59>	<Vector 3.40, -10.21, 45.46>	35.9612	35.9612	42.0462	42.0462	51.1027	51.1027	34.8012	34.8012	27.1509	27.1509	11.0977	11.0977	<Vector -5.65, 26.20, -49.66>	<Vector -7.32, 16.21, -54.14>	<Vector -5.13, 6.11, -37.43>	<Vector -5.40, 4.96, -43.71>	<Vector -7.01, 19.51, -41.99>	<Vector -2.50, 11.25, -28.97>	<Vector -5.17, 7.75, -20.88>	<Vector 1.54, 3.69, -4.01>	
('PRO', 'GLN')	10.9761	10.9761	12.6719	9.21075	12.6719	9.21075	10.9761	59.5512	10.9761	12.6719	9.21075	12.6719	47.4546	9.21075	45.771	59.5512	47.4546	45.771	
('HIS', 'GLY')	<Vector 6.11, 4.69, -6.14>	<Vector -1.16, 8.67, -24.17>	<Vector -6.50, 16.21, -39.27>	<Vector -8.17, 6.22, -43.76>	<Vector -5.98, -3.88, -27.04>	<Vector -6.25, -5.03, -33.32>	33.1339	16.629	9.21048	10.3107	21.681	19.4692	
('ARG', 'VAL')	10.8574	16.0918	18.1484	32.5423	23.6842	27.2708	38.2651	10.8574	28.1696	23.2953	16.0918	23.543	17.6146	18.1484	20.1369	17.2297	32.5423	5.98468	9.30286	28.1696	23.543	20.1369	5.98468	20.3285	24.3921	11.2872	23.2953	17.6146	17.2297	9.30286	10.6361	14.7466	14.4471	23.6842	20.3285	10.6361	27.2708	24.3921	14.7466	38.2651	11.2872	14.4471	20.3285	24.3921	11.2872	12.9108	19.4692	18.7729	17.7211	23.8606	33.7886	47.8199	10.6361	14.7466	14.4471	14.5723	19.5271	18.7532	14.3346	21.5813	26.3575	40.843	20.3285	10.6361	17.5206	31.619	37.2426	24.3921	14.7466	17.5709	31.2388	35.9612	11.2872	14.4471	7.9227	47.7568	53.1004	17.5206	17.5709	7.9227	7.18052	6.67082	10.0253	10.4222	12.7652	26.2155	38.0566	12.9108	14.5723	7.18052	39.2776	45.2274	19.4692	19.5271	6.67082	36.3858	41.8777	18.7729	18.7532	10.0253	34.6431	40.5853	17.7211	14.3346	10.4222	33.3661	39.2193	23.8606	21.5813	12.7652	30.2642	35.8667	33.7886	26.3575	26.2155	16.6052	22.5952	47.8199	40.843	38.0566	7.43986	11.0977	31.619	31.2388	47.7568	39.2776	36.3858	34.6431	33.3661	30.2642	16.6052	7.43986	37.2426	35.9612	53.1004	45.2274	41.8777	40.5853	39.2193	35.8667	22.5952	11.0977	
('GLY', 'THR')	33.1339	33.1339	33.1339	33.1339	33.1339	33.1339	<Vector 0.91, 1.49, 5.57>	<Vector -6.35, 5.46, -12.45>	<Vector -11.69, 13.00, -27.56>	<Vector -13.36, 3.02, -32.04>	<Vector -11.17, -7.09, -15.33>	<Vector -11.44, -8.24, -21.61>	16.629	16.629	16.629	16.629	16.629	16.629	9.21048	9.21048	9.21048	9.21048	9.21048	9.21048	10.3107	10.3107	10.3107	10.3107	10.3107	10.3107	<Vector 1.39, -3.91, 30.61>	<Vector -5.88, 0.06, 12.59>	<Vector -11.22, 7.60, -2.52>	<Vector -12.89, -2.38, -7.00>	<Vector -10.70, -12.48, 9.71>	<Vector -10.97, -13.64, 3.43>	<Vector 10.10, 3.36, 19.14>	<Vector 2.83, 7.33, 1.12>	<Vector -2.51, 14.88, -13.99>	<Vector -4.18, 4.89, -18.48>	<Vector -1.99, -5.21, -1.76>	<Vector -2.25, -6.37, -8.04>	<Vector 6.54, 8.34, 14.96>	<Vector -0.72, 12.31, -3.06>	<Vector -6.06, 19.85, -18.17>	<Vector -7.73, 9.87, -22.65>	<Vector -5.54, -0.23, -5.94>	<Vector -5.81, -1.39, -12.22>	<Vector 12.07, 8.56, 15.18>	<Vector 4.81, 12.53, -2.84>	<Vector -0.53, 20.08, -17.94>	<Vector -2.20, 10.09, -22.43>	<Vector -0.01, -0.01, -5.71>	<Vector -0.28, -1.17, -11.99>	21.681	21.681	21.681	21.681	21.681	21.681	19.4692	19.4692	19.4692	19.4692	19.4692	19.4692	<Vector 16.35, -6.65, 28.46>	<Vector 9.09, -2.68, 10.44>	<Vector 3.74, 4.86, -4.67>	<Vector 2.08, -5.12, -9.15>	<Vector 4.27, -15.22, 7.56>	<Vector 4.00, -16.38, 1.28>	56.3301	56.3301	56.3301	56.3301	56.3301	56.3301	56.3301	56.3301	61.511	61.511	61.511	61.511	61.511	61.511	61.511	61.511	<Vector -11.22, 7.60, -2.52>	<Vector -12.89, -2.38, -7.00>	<Vector -10.70, -12.48, 9.71>	<Vector -10.97, -13.64, 3.43>	<Vector -12.58, 0.91, 5.15>	<Vector -8.07, -7.34, 18.17>	<Vector -10.74, -10.85, 26.26>	<Vector -4.02, -14.91, 43.13>	<Vector -2.51, 14.88, -13.99>	<Vector -4.18, 4.89, -18.48>	<Vector -1.99, -5.21, -1.76>	<Vector -2.25, -6.37, -8.04>	<Vector -3.87, 8.18, -6.33>	<Vector 0.65, -0.07, 6.70>	<Vector -2.02, -3.58, 14.78>	<Vector 4.69, -7.64, 31.66>	<Vector -6.06, 19.85, -18.17>	<Vector -7.73, 9.87, -22.65>	<Vector -5.54, -0.23, -5.94>	<Vector -5.81, -1.39, -12.22>	<Vector -7.42, 13.16, -10.50>	<Vector -2.91, 4.91, 2.52>	<Vector -5.58, 1.40, 10.61>	<Vector 1.13, -2.66, 27.48>	<Vector -0.53, 20.08, -17.94>	<Vector -2.20, 10.09, -22.43>	<Vector -0.01, -0.01, -5.71>	<Vector -0.28, -1.17, -11.99>	<Vector -1.89, 13.38, -10.28>	<Vector 2.62, 5.13, 2.74>	<Vector -0.05, 1.62, 10.83>	<Vector 6.66, -2.43, 27.70>	35.9612	35.9612	35.9612	35.9612	35.9612	35.9612	35.9612	35.9612	42.0462	42.0462	42.0462	42.0462	42.0462	42.0462	42.0462	42.0462	<Vector 3.74, 4.86, -4.67>	<Vector 2.08, -5.12, -9.15>	<Vector 4.27, -15.22, 7.56>	<Vector 4.00, -16.38, 1.28>	<Vector 2.38, -1.83, 3.00>	<Vector 6.90, -10.08, 16.02>	<Vector 4.23, -13.59, 24.11>	<Vector 10.94, -17.65, 40.98>	51.1027	51.1027	51.1027	51.1027	51.1027	51.1027	51.1027	51.1027	34.8012	34.8012	34.8012	34.8012	34.8012	34.8012	34.8012	34.8012	<Vector -0.14, 12.94, -26.95>	<Vector -1.80, 2.96, -31.44>	<Vector 0.39, -7.14, -14.72>	<Vector 0.12, -8.30, -21.00>	<Vector -1.50, 6.25, -19.29>	<Vector 3.02, -2.00, -6.27>	<Vector 0.35, -5.51, 1.82>	<Vector 7.06, -9.57, 18.69>	27.1509	27.1509	27.1509	27.1509	27.1509	27.1509	27.1509	27.1509	<Vector -3.83, 22.67, -31.12>	<Vector -5.50, 12.68, -35.61>	<Vector -3.31, 2.58, -18.89>	<Vector -3.58, 1.42, -25.17>	<Vector -5.19, 15.97, -23.46>	<Vector -0.68, 7.72, -10.43>	<Vector -3.35, 4.21, -2.35>	<Vector 3.36, 0.15, 14.53>	<Vector -5.15, 19.86, -40.71>	<Vector -6.81, 9.88, -45.19>	<Vector -4.62, -0.22, -28.47>	<Vector -4.89, -1.38, -34.76>	<Vector -6.51, 13.17, -33.04>	<Vector -1.99, 4.92, -20.02>	<Vector -4.66, 1.41, -11.93>	<Vector 2.05, -2.65, 4.94>	11.0977	11.0977	11.0977	11.0977	11.0977	11.0977	11.0977	11.0977	
('LEU', 'TRP')	7.31107	32.8526	32.4852	7.31107	14.7206	15.5226	21.3889	23.4667	29.9196	34.8978	34.8106	27.288	33.5548	14.7206	19.6004	18.6525	15.5226	15.1442	14.765	21.3889	9.94357	9.60142	23.4667	12.3301	12.1327	29.9196	15.2533	11.5958	34.8978	16.8123	13.4549	34.8106	10.2012	5.93789	27.288	5.33247	6.85008	32.8526	19.6004	15.1442	9.94357	12.3301	15.2533	16.8123	10.2012	5.33247	7.18682	32.4852	18.6525	14.765	9.60142	12.1327	11.5958	13.4549	5.93789	6.85008	4.35587	33.5548	7.18682	4.35587	10.2012	5.93789	11.2479	37.7479	5.33247	6.85008	17.5142	31.0319	10.2012	5.33247	7.18682	21.9822	23.2236	27.0445	5.93789	6.85008	4.35587	16.6469	22.3993	27.7075	7.18682	4.35587	16.0546	35.497	21.9822	16.6469	5.34029	40.9792	11.2479	17.5142	16.0546	5.34029	26.5032	35.0179	23.2236	22.3993	26.5032	12.8517	27.0445	27.7075	35.0179	5.53264	37.7479	31.0319	35.497	40.9792	12.8517	5.53264	
('ALA', 'ASP')	39.8327	32.6245	30.0601	31.2146	26.9903	21.7216	14.4078	18.4622	17.4107	13.8752	12.4471	8.34572	15.6254	39.8327	32.6245	30.0601	31.2146	26.9903	21.7216	14.4078	18.4622	17.4107	13.8752	12.4471	8.34572	15.6254	17.4107	13.8752	12.4471	8.34572	15.6254	17.4107	13.8752	12.4471	8.34572	15.6254	14.5818	21.2573	31.1051	31.9645	33.9605	14.5818	21.2573	31.1051	31.9645	33.9605	
('GLN', 'MET')	18.5528	18.5528	34.847	34.847	
('HIS', 'PRO')	46.9887	34.8517	33.3255	46.9887	34.8517	33.3255	
('THR', 'SER')	16.9925	14.4776	16.9925	9.39597	10.3501	14.4081	16.6261	15.0047	9.39597	12.7065	14.4776	12.7065	5.74749	9.4913	11.5845	15.696	10.3501	5.74749	14.4081	9.4913	16.6261	11.5845	15.0047	15.696	12.7065	25.2623	12.7065	5.74749	9.4913	11.5845	15.696	14.8626	20.8086	28.1544	5.74749	12.6906	9.4913	10.2393	11.5845	11.5575	15.696	25.0666	14.8626	5.26722	25.2623	12.6906	10.2393	11.5575	25.0666	5.26722	10.2869	15.661	20.8086	10.2869	28.1544	15.661	
('GLY', 'GLY')	33.1339	33.1339	33.1339	33.1339	33.1339	16.629	16.629	16.629	16.629	16.629	9.21048	9.21048	9.21048	9.21048	9.21048	10.3107	10.3107	10.3107	10.3107	10.3107	21.681	21.681	21.681	21.681	21.681	19.4692	19.4692	19.4692	19.4692	19.4692	56.3301	56.3301	56.3301	56.3301	56.3301	56.3301	56.3301	61.511	61.511	61.511	61.511	61.511	61.511	61.511	35.9612	35.9612	35.9612	35.9612	35.9612	35.9612	35.9612	42.0462	42.0462	42.0462	42.0462	42.0462	42.0462	42.0462	51.1027	51.1027	51.1027	51.1027	51.1027	51.1027	51.1027	34.8012	34.8012	34.8012	34.8012	34.8012	34.8012	34.8012	27.1509	27.1509	27.1509	27.1509	27.1509	27.1509	27.1509	11.0977	11.0977	11.0977	11.0977	11.0977	11.0977	11.0977	
('GLY', 'ILE')	33.1339	33.1339	<Vector 2.93, -6.83, 10.79>	<Vector -4.34, -2.86, -7.24>	<Vector -9.68, 4.68, -22.34>	<Vector -11.35, -5.30, -26.83>	<Vector -9.16, -15.40, -10.11>	<Vector -9.43, -16.56, -16.39>	16.629	16.629	9.21048	9.21048	10.3107	10.3107	<Vector 6.42, -5.21, 32.10>	<Vector -0.85, -1.24, 14.08>	<Vector -6.19, 6.30, -1.03>	<Vector -7.86, -3.68, -5.51>	<Vector -5.67, -13.78, 11.20>	<Vector -5.94, -14.94, 4.92>	21.681	21.681	19.4692	19.4692	56.3301	56.3301	61.511	61.511	<Vector -6.19, 6.30, -1.03>	<Vector -7.86, -3.68, -5.51>	<Vector -5.67, -13.78, 11.20>	<Vector -5.94, -14.94, 4.92>	<Vector -7.55, -0.39, 6.63>	<Vector -3.04, -8.64, 19.66>	<Vector -5.71, -12.15, 27.74>	<Vector 1.01, -16.21, 44.62>	35.9612	35.9612	42.0462	42.0462	51.1027	51.1027	34.8012	34.8012	<Vector 0.94, 16.77, -23.34>	<Vector -0.72, 6.78, -27.83>	<Vector 1.47, -3.32, -11.11>	<Vector 1.20, -4.48, -17.39>	<Vector -0.42, 10.08, -15.68>	<Vector 4.10, 1.82, -2.66>	<Vector 1.43, -1.68, 5.43>	<Vector 8.14, -5.74, 22.30>	27.1509	27.1509	11.0977	11.0977	
('ARG', 'THR')	10.9365	35.5321	25.6061	22.4707	24.3633	36.4135	10.9365	29.5065	22.7463	29.5065	9.23852	18.3588	24.8307	25.0534	9.21048	35.5321	9.23852	5.49563	22.7463	5.49563	12.2915	15.806	18.045	16.06	25.6061	18.3588	12.2915	22.4707	24.8307	15.806	24.3633	25.0534	18.045	36.4135	9.21048	16.06	9.23852	18.3588	24.8307	25.0534	9.21048	28.2702	36.4286	43.3631	9.23852	5.49563	18.286	46.2207	52.0337	5.49563	12.2915	15.806	18.045	16.06	24.3626	28.9143	36.9706	18.3588	12.2915	10.887	33.7788	39.2364	24.8307	15.806	18.0463	27.6912	32.8987	25.0534	18.045	15.1563	29.2421	34.1438	9.21048	16.06	6.71423	47.6716	53.3451	18.286	10.887	18.0463	15.1563	6.71423	18.5017	27.0767	34.4886	28.2702	24.3626	18.5017	24.616	30.4032	36.4286	28.9143	27.0767	15.5823	20.6695	43.3631	36.9706	34.4886	9.42325	15.2017	46.2207	33.7788	27.6912	29.2421	47.6716	24.616	15.5823	9.42325	52.0337	39.2364	32.8987	34.1438	53.3451	30.4032	20.6695	15.2017	
('TYR', 'MET')	19.4716	14.2023	11.8195	19.4716	14.2023	11.8195	
('SER', 'TYR')	5.27343	5.55035	15.824	13.7616	5.27343	9.54574	5.55035	10.1765	9.54574	10.1765	12.4163	11.6441	15.824	12.4163	13.7616	11.6441	10.1765	21.6385	10.1765	12.4163	11.6441	12.4163	20.1673	11.6441	21.1668	21.6385	20.1673	21.1668	
('ASP', 'MET')	16.74	16.74	
('GLY', 'PHE')	56.3301	56.3301	61.511	61.511	35.9612	35.9612	42.0462	42.0462	51.1027	51.1027	34.8012	34.8012	<Vector -4.51, 18.91, -25.34>	<Vector -6.18, 8.92, -29.83>	<Vector -3.99, -1.18, -13.11>	<Vector -4.26, -2.33, -19.39>	<Vector -5.87, 12.22, -17.68>	<Vector -1.36, 3.96, -4.65>	<Vector -4.03, 0.46, 3.43>	<Vector 2.68, -3.60, 20.30>	27.1509	27.1509	<Vector -6.88, 27.18, -39.85>	<Vector -8.54, 17.20, -44.33>	<Vector -6.35, 7.10, -27.62>	<Vector -6.62, 5.94, -33.90>	<Vector -8.24, 20.49, -32.18>	<Vector -3.72, 12.24, -19.16>	<Vector -6.39, 8.73, -11.07>	<Vector 0.32, 4.67, 5.80>	11.0977	11.0977	
('LEU', 'THR')	15.0611	39.5531	28.0062	24.7804	25.718	38.8257	15.0611	7.29351	5.53964	10.5848	12.9943	20.1308	24.813	24.2887	16.3388	23.2497	7.29351	24.5627	15.6205	15.3023	16.9644	24.8046	5.53964	21.7677	11.5608	10.0298	12.5976	23.3372	10.5848	15.4847	8.95649	10.1576	13.1485	19.1106	12.9943	14.5269	13.1846	15.2926	18.1446	19.4672	20.1308	13.7618	12.6592	18.5668	18.7653	11.0163	24.813	11.7185	16.3577	22.5961	22.94	10.0355	24.2887	8.31611	10.5131	16.9076	16.9464	8.70433	39.5531	24.5627	21.7677	15.4847	14.5269	13.7618	11.7185	8.31611	9.3605	10.3826	16.3388	9.3605	10.6239	12.9332	16.2084	17.8455	28.0062	15.6205	11.5608	8.95649	13.1846	12.6592	16.3577	10.5131	10.6239	8.8352	24.7804	15.3023	10.0298	10.1576	15.2926	18.5668	22.5961	16.9076	12.9332	13.5837	25.718	16.9644	12.5976	13.1485	18.1446	18.7653	22.94	16.9464	16.2084	14.0574	23.2497	10.3826	8.8352	13.5837	14.0574	13.4382	38.8257	24.8046	23.3372	19.1106	19.4672	11.0163	10.0355	8.70433	17.8455	13.4382	8.31611	10.5131	16.9076	16.9464	8.70433	22.5259	29.2517	37.2416	8.31611	9.3605	10.3826	20.2379	30.6471	36.1156	9.3605	10.6239	12.9332	16.2084	17.8455	19.5909	24.5227	31.4781	10.5131	10.6239	8.8352	16.2675	17.3726	23.0224	16.9076	12.9332	13.5837	23.5165	14.2086	17.0338	16.9464	16.2084	14.0574	20.7497	14.6733	18.5158	10.3826	8.8352	13.5837	14.0574	13.4382	22.1054	26.7358	35.5487	8.70433	17.8455	13.4382	5.3365	29.4792	37.1264	20.2379	16.2675	23.5165	20.7497	5.3365	22.61	32.0671	38.7818	22.5259	19.5909	22.1054	22.61	6.03718	15.0511	30.6471	17.3726	14.2086	14.6733	29.4792	6.03718	7.68772	10.6704	29.2517	24.5227	26.7358	32.0671	7.68772	5.24138	36.1156	23.0224	17.0338	18.5158	37.1264	15.0511	5.24138	7.37112	37.2416	31.4781	35.5487	38.7818	10.6704	7.37112	
('TYR', 'ASP')	19.8869	16.4639	4.68754	19.8869	16.4639	4.68754	8.24952	8.24952	16.4639	4.68754	16.4639	4.68754	8.24952	8.24952	
('THR', 'GLU')	26.4843	26.4843	9.68383	13.4262	20.3123	19.9046	5.68376	9.68383	13.4262	20.3123	19.9046	5.68376	48.521	51.2306	34.9107	38.8323	28.9603	32.9011	29.6088	34.3054	48.6977	52.4563	25.6106	28.9917	16.0693	20.5285	10.938	12.9884	48.521	34.9107	28.9603	29.6088	48.6977	25.6106	16.0693	10.938	51.2306	38.8323	32.9011	34.3054	52.4563	28.9917	20.5285	12.9884	
('CYS', 'PHE')	20.6915	36.5145	20.6915	36.5145	
('ILE', 'MET')	20.1102	20.1102	6.1852	6.1852	
('ILE', 'GLN')	24.1575	24.1575	6.5079	6.5079	6.5079	24.06	6.5079	52.5422	24.06	28.7215	52.5422	28.7215	
('VAL', 'GLU')	25.9158	21.2032	17.0243	5.99169	25.9158	21.2032	17.0243	5.99169	16.7078	19.6038	6.88165	16.7078	19.6038	6.88165	33.6924	36.7476	32.027	36.4841	48.5151	52.7312	40.7339	43.9485	36.9177	40.9379	35.918	39.1044	34.8161	38.1842	30.9431	34.7278	18.6773	21.5506	5.91093	10.3016	33.6924	32.027	48.5151	40.7339	36.9177	35.918	34.8161	30.9431	18.6773	5.91093	36.7476	36.4841	52.7312	43.9485	40.9379	39.1044	38.1842	34.7278	21.5506	10.3016	
('THR', 'ASP')	25.4855	13.7102	11.7177	14.3289	14.923	25.4855	13.7102	11.7177	14.3289	14.923	17.6929	17.6929	13.7102	11.7177	14.3289	14.923	13.7102	11.7177	14.3289	14.923	17.6929	24.721	27.4496	36.8543	17.6929	24.721	27.4496	36.8543	
('TYR', 'PHE')	23.5949	39.2243	17.6517	32.3479	20.3634	36.7218	23.5949	17.6517	20.3634	39.2243	32.3479	36.7218	
('CYS', 'MET')	10.7541	10.7541	
('ALA', 'TYR')	33.5071	36.7763	36.2314	38.5891	25.2992	29.2637	29.3468	30.248	24.9293	27.6979	26.5963	29.0076	21.2397	25.3341	28.5379	28.9698	20.1359	23.6659	23.9417	24.8683	5.3838	11.4408	21.3892	18.1423	33.5071	25.2992	24.9293	21.2397	20.1359	5.3838	6.95399	9.63192	16.3615	15.3748	7.60892	16.2317	14.489	6.95399	8.71465	15.3961	10.115	9.63192	12.8282	19.8882	12.3537	16.3615	16.5576	20.2218	11.8731	15.3748	14.1642	17.0753	9.68235	36.7763	29.2637	27.6979	25.3341	23.6659	11.4408	8.71465	12.8282	16.5576	14.1642	5.36381	14.8242	16.0441	7.60892	5.36381	13.9471	11.0809	16.2317	14.8242	5.73478	9.61579	14.489	16.0441	12.9057	13.8341	36.2314	29.3468	26.5963	28.5379	23.9417	21.3892	15.3961	19.8882	20.2218	17.0753	13.9471	5.73478	12.9057	38.5891	30.248	29.0076	28.9698	24.8683	18.1423	10.115	12.3537	11.8731	9.68235	11.0809	9.61579	13.8341	16.5576	20.2218	11.8731	14.1642	17.0753	9.68235	16.5576	14.1642	5.36381	14.8242	16.0441	16.0257	18.4828	31.9184	31.2447	36.3232	5.36381	13.9471	11.0809	14.8242	5.73478	9.61579	16.0441	12.9057	13.8341	20.2218	17.0753	13.9471	5.73478	12.9057	13.8771	18.9135	27.1087	28.1235	29.6282	11.8731	9.68235	11.0809	9.61579	13.8341	7.74241	17.411	29.0969	30.9164	32.8451	16.0257	13.8771	7.74241	18.4828	18.9135	17.411	31.9184	27.1087	29.0969	31.2447	28.1235	30.9164	36.3232	29.6282	32.8451	
('ARG', 'GLY')	<Vector 2.50, -1.52, -4.82>	<Vector -4.76, 2.45, -22.85>	<Vector -10.11, 10.00, -37.95>	<Vector -11.77, 0.01, -42.44>	<Vector -9.58, -10.09, -25.72>	<Vector -9.85, -11.25, -32.00>	33.1339	33.1339	33.1339	16.629	16.629	16.629	<Vector 8.37, -9.84, 31.78>	<Vector 1.11, -5.87, 13.75>	<Vector -4.24, 1.67, -1.35>	<Vector -5.90, -8.31, -5.84>	<Vector -3.71, -18.41, 10.88>	<Vector -3.98, -19.57, 4.60>	9.21048	9.21048	9.21048	10.3107	10.3107	10.3107	<Vector 2.23, 0.99, 28.27>	<Vector -5.04, 4.96, 10.25>	<Vector -10.38, 12.51, -4.85>	<Vector -12.05, 2.52, -9.34>	<Vector -9.86, -7.58, 7.38>	<Vector -10.13, -8.74, 1.10>	21.681	21.681	21.681	19.4692	19.4692	19.4692	<Vector -4.24, 1.67, -1.35>	<Vector -5.90, -8.31, -5.84>	<Vector -3.71, -18.41, 10.88>	<Vector -3.98, -19.57, 4.60>	<Vector -5.60, -5.02, 6.31>	<Vector -1.08, -13.27, 19.33>	<Vector -3.75, -16.78, 27.42>	<Vector 2.96, -20.84, 44.29>	56.3301	56.3301	56.3301	56.3301	56.3301	61.511	61.511	61.511	61.511	61.511	<Vector -10.38, 12.51, -4.85>	<Vector -12.05, 2.52, -9.34>	<Vector -9.86, -7.58, 7.38>	<Vector -10.13, -8.74, 1.10>	<Vector -11.74, 5.81, 2.81>	<Vector -7.23, -2.44, 15.83>	<Vector -9.90, -5.94, 23.92>	<Vector -3.18, -10.00, 40.79>	35.9612	35.9612	35.9612	35.9612	35.9612	42.0462	42.0462	42.0462	42.0462	42.0462	51.1027	51.1027	51.1027	51.1027	51.1027	<Vector 5.50, 8.79, -9.83>	<Vector 3.83, -1.20, -14.31>	<Vector 6.02, -11.30, 2.40>	<Vector 5.75, -12.46, -3.88>	<Vector 4.14, 2.09, -2.16>	<Vector 8.65, -6.16, 10.86>	<Vector 5.98, -9.66, 18.95>	<Vector 12.70, -13.72, 35.82>	34.8012	34.8012	34.8012	34.8012	34.8012	27.1509	27.1509	27.1509	27.1509	27.1509	11.0977	11.0977	11.0977	11.0977	11.0977	<Vector -10.48, 26.55, -44.67>	<Vector -12.14, 16.56, -49.16>	<Vector -9.95, 6.46, -32.44>	<Vector -10.22, 5.30, -38.72>	<Vector -11.84, 19.85, -37.01>	<Vector -7.32, 11.60, -23.98>	<Vector -9.99, 8.10, -15.90>	<Vector -3.28, 4.04, 0.97>	<Vector -10.10, 31.94, -48.50>	<Vector -11.77, 21.95, -52.98>	<Vector -9.58, 11.85, -36.27>	<Vector -9.85, 10.70, -42.55>	<Vector -11.46, 25.25, -40.83>	<Vector -6.95, 16.99, -27.81>	<Vector -9.62, 13.49, -19.72>	<Vector -2.91, 9.43, -2.85>	
('VAL', 'SER')	16.199	15.1139	10.9952	9.96881	9.66747	7.91716	16.199	10.9952	9.66747	6.92812	8.97166	15.8664	16.1408	6.92812	10.8254	15.1139	9.96881	7.91716	10.8254	5.14611	11.1979	15.9211	8.97166	5.14611	15.8664	11.1979	16.1408	15.9211	5.14611	11.1979	15.9211	8.91695	12.5827	10.4638	5.55296	12.6985	17.9623	32.3954	5.14611	12.3439	11.1979	14.8685	15.9211	25.976	8.91695	16.3418	12.5827	14.9011	10.4638	12.1087	5.55296	10.6991	12.6985	9.36521	12.3439	14.8685	25.976	16.3418	14.9011	12.1087	10.6991	9.36521	6.84764	20.3163	17.9623	6.84764	32.3954	20.3163	
('ILE', 'PHE')	27.4362	44.0827	6.1952	21.0261	27.4362	6.1952	44.0827	21.0261	
('ILE', 'CYS')	16.8197	16.8197	15.9906	15.9906	
('ALA', 'ALA')	9.38371	9.82563	12.6287	14.216	28.6912	35.1218	38.7129	45.8263	44.6622	35.7134	31.5327	25.0204	9.38371	5.37807	5.50822	5.87314	20.2319	26.4691	29.6371	36.8297	35.9548	27.6766	24.3157	17.1253	9.82563	5.37807	7.24966	5.56928	20.435	25.8431	29.9174	36.63	35.1922	26.2203	21.7444	15.2992	12.6287	5.50822	7.24966	5.31587	16.2744	23.587	26.837	34.3893	33.4713	24.5358	23.0525	15.8696	14.216	5.87314	5.56928	5.31587	15.3637	20.9762	24.6464	31.6212	30.4752	21.9215	18.6968	11.4726	28.6912	20.2319	20.435	16.2744	15.3637	9.12195	11.7395	19.4879	18.8282	10.8475	16.1863	11.995	35.1218	26.4691	25.8431	23.587	20.9762	9.12195	5.96946	11.4417	10.0194	4.57974	11.8878	12.1233	38.7129	29.6371	29.9174	26.837	24.6464	11.7395	5.96946	8.19587	9.05026	9.90951	17.1375	16.9152	45.8263	36.8297	36.63	34.3893	31.6212	19.4879	11.4417	8.19587	3.97856	13.4923	19.7471	22.1947	44.6622	35.9548	35.1922	33.4713	30.4752	18.8282	10.0194	9.05026	3.97856	10.8915	16.914	20.3479	35.7134	27.6766	26.2203	24.5358	21.9215	10.8475	4.57974	9.90951	13.4923	10.8915	10.6403	12.5602	31.5327	24.3157	21.7444	23.0525	18.6968	16.1863	11.8878	17.1375	19.7471	16.914	10.6403	7.51181	25.0204	17.1253	15.2992	15.8696	11.4726	11.995	12.1233	16.9152	22.1947	20.3479	12.5602	7.51181	3.97856	13.4923	19.7471	22.1947	13.6428	23.4321	37.5938	39.2207	42.2167	3.97856	10.8915	16.914	20.3479	13.0159	22.6137	36.5029	37.816	40.8741	13.4923	10.8915	10.6403	12.5602	11.0862	15.5577	29.2401	29.3509	33.6092	19.7471	16.914	10.6403	7.51181	10.956	13.7173	23.1228	23.7609	26.3212	22.1947	20.3479	12.5602	7.51181	10.1607	6.58282	16.9683	17.6438	21.1321	13.6428	13.0159	11.0862	10.956	10.1607	10.9666	24.0843	26.16	28.6663	23.4321	22.6137	15.5577	13.7173	6.58282	10.9666	15.0419	16.2808	20.3294	37.5938	36.5029	29.2401	23.1228	16.9683	24.0843	15.0419	5.33776	5.76285	39.2207	37.816	29.3509	23.7609	17.6438	26.16	16.2808	5.33776	7.42018	42.2167	40.8741	33.6092	26.3212	21.1321	28.6663	20.3294	5.76285	7.42018	
('HIS', 'TYR')	30.6138	33.9498	31.8876	34.0077	30.6138	33.9498	31.8876	34.0077	
('LEU', 'PHE')	22.4384	39.2199	17.8566	33.3627	20.2212	36.4689	26.1421	42.2016	22.4384	17.8566	20.2212	26.1421	7.1886	10.883	7.1886	15.2096	10.883	6.33797	39.2199	33.3627	36.4689	42.2016	15.2096	6.33797	
('ALA', 'TRP')	5.07003	33.8715	34.2922	5.07003	7.47875	5.59506	9.5901	10.5512	24.8555	30.9955	34.9991	41.9446	40.5267	31.223	27.0687	20.7976	7.47875	26.91	26.3491	5.59506	24.1509	24.5303	9.5901	24.4488	24.1306	10.5512	21.0677	20.5541	24.8555	15.1867	13.073	30.9955	10.85	6.6137	34.9991	16.6077	11.9993	41.9446	19.076	14.7057	40.5267	15.7452	11.8584	31.223	7.35423	5.16264	33.8715	26.91	24.1509	24.4488	21.0677	15.1867	10.85	16.6077	19.076	15.7452	7.35423	6.30415	10.9712	34.2922	26.3491	24.5303	24.1306	20.5541	13.073	6.6137	11.9993	14.7057	11.8584	5.16264	5.86082	9.62573	27.0687	6.30415	5.86082	20.7976	10.9712	9.62573	19.076	14.7057	9.70938	45.1011	15.7452	11.8584	11.5511	43.4745	7.35423	5.16264	13.2818	34.8623	19.076	15.7452	7.35423	6.30415	10.9712	13.9225	16.4799	27.2261	26.8871	30.6325	14.7057	11.8584	5.16264	5.86082	9.62573	8.81569	14.1113	26.5453	27.1348	30.4974	6.30415	5.86082	19.0026	28.4207	10.9712	9.62573	17.9035	23.1341	9.70938	11.5511	13.2818	19.0026	17.9035	9.39198	16.5241	30.9594	32.789	36.1517	13.9225	8.81569	9.39198	32.0047	16.4799	14.1113	16.5241	22.5571	27.2261	26.5453	30.9594	9.74413	26.8871	27.1348	32.789	6.43317	30.6325	30.4974	36.1517	7.16348	45.1011	43.4745	34.8623	28.4207	23.1341	32.0047	22.5571	9.74413	6.43317	7.16348	
('LEU', 'ASP')	38.6143	26.2651	21.6166	17.3146	20.3168	19.781	20.5862	10.5532	13.7383	38.6143	26.2651	21.6166	17.3146	20.3168	19.781	20.5862	10.5532	13.7383	5.06208	5.06208	10.5532	13.7383	10.5532	13.7383	5.06208	21.1523	27.9633	31.162	5.06208	21.1523	27.9633	31.162	
('ILE', 'ILE')	21.6568	21.6568	25.6564	25.6564	
('ARG', 'ASP')	35.8322	18.5023	9.00108	35.8322	18.5023	9.00108	18.5023	9.00108	18.5023	9.00108	16.7438	41.6524	46.4573	16.7438	41.6524	46.4573	
('ILE', 'ASP')	24.3589	13.9685	24.3589	13.9685	13.9685	13.9685	20.7585	20.7585	
('LEU', 'GLY')	<Vector 6.31, 0.14, -8.42>	<Vector -0.95, 4.12, -26.45>	<Vector -6.30, 11.66, -41.55>	<Vector -7.96, 1.67, -46.04>	<Vector -5.77, -8.43, -29.32>	<Vector -6.04, -9.58, -35.60>	33.1339	33.1339	33.1339	33.1339	33.1339	33.1339	33.1339	33.1339	33.1339	33.1339	<Vector 5.33, -4.27, 6.37>	<Vector -1.94, -0.30, -11.65>	<Vector -7.28, 7.25, -26.76>	<Vector -8.95, -2.74, -31.24>	<Vector -6.76, -12.84, -14.53>	<Vector -7.03, -13.99, -20.81>	<Vector 4.62, 0.17, 9.47>	<Vector -2.65, 4.14, -8.55>	<Vector -7.99, 11.68, -23.66>	<Vector -9.66, 1.70, -28.14>	<Vector -7.47, -8.41, -11.42>	<Vector -7.74, -9.56, -17.71>	<Vector 3.39, -1.30, 15.48>	<Vector -3.88, 2.67, -2.54>	<Vector -9.22, 10.21, -17.65>	<Vector -10.89, 0.23, -22.13>	<Vector -8.70, -9.87, -5.42>	<Vector -8.97, -11.03, -11.70>	<Vector 1.22, -5.94, 16.23>	<Vector -6.04, -1.97, -1.79>	<Vector -11.38, 5.57, -16.90>	<Vector -13.05, -4.41, -21.39>	<Vector -10.86, -14.52, -4.67>	<Vector -11.13, -15.67, -10.95>	16.629	16.629	16.629	16.629	16.629	16.629	16.629	16.629	16.629	16.629	<Vector 9.13, -9.18, 20.53>	<Vector 1.87, -5.21, 2.51>	<Vector -3.47, 2.33, -12.60>	<Vector -5.14, -7.65, -17.08>	<Vector -2.95, -17.76, -0.36>	<Vector -3.22, -18.91, -6.65>	<Vector 8.30, -11.71, 25.25>	<Vector 1.03, -7.74, 7.22>	<Vector -4.31, -0.19, -7.88>	<Vector -5.98, -10.18, -12.37>	<Vector -3.79, -20.28, 4.35>	<Vector -4.05, -21.43, -1.93>	9.21048	9.21048	9.21048	9.21048	9.21048	9.21048	9.21048	9.21048	9.21048	9.21048	10.3107	10.3107	10.3107	10.3107	10.3107	10.3107	10.3107	10.3107	10.3107	10.3107	<Vector 9.08, -1.87, 28.20>	<Vector 1.81, 2.10, 10.18>	<Vector -3.53, 9.64, -4.93>	<Vector -5.20, -0.34, -9.41>	<Vector -3.01, -10.44, 7.30>	<Vector -3.27, -11.60, 1.02>	<Vector 0.80, -1.08, 21.71>	<Vector -6.47, 2.89, 3.68>	<Vector -11.81, 10.43, -11.42>	<Vector -13.48, 0.45, -15.91>	<Vector -11.29, -9.66, 0.81>	<Vector -11.55, -10.81, -5.47>	21.681	21.681	21.681	21.681	21.681	21.681	21.681	21.681	21.681	21.681	19.4692	19.4692	19.4692	19.4692	19.4692	19.4692	19.4692	19.4692	19.4692	19.4692	<Vector 7.81, 3.69, 27.66>	<Vector 0.55, 7.67, 9.64>	<Vector -4.80, 15.21, -5.46>	<Vector -6.46, 5.22, -9.95>	<Vector -4.27, -4.88, 6.77>	<Vector -4.54, -6.03, 0.49>	56.3301	56.3301	56.3301	56.3301	56.3301	56.3301	61.511	61.511	61.511	61.511	61.511	61.511	<Vector -3.53, 9.64, -4.93>	<Vector -5.20, -0.34, -9.41>	<Vector -3.01, -10.44, 7.30>	<Vector -3.27, -11.60, 1.02>	<Vector -4.89, 2.95, 2.73>	<Vector -0.37, -5.30, 15.76>	<Vector -3.04, -8.81, 23.84>	<Vector 3.67, -12.87, 40.72>	<Vector -11.81, 10.43, -11.42>	<Vector -13.48, 0.45, -15.91>	<Vector -11.29, -9.66, 0.81>	<Vector -11.55, -10.81, -5.47>	<Vector -13.17, 3.74, -3.76>	<Vector -8.65, -4.52, 9.27>	<Vector -11.33, -8.02, 17.35>	<Vector -4.61, -12.08, 34.22>	35.9612	35.9612	35.9612	35.9612	35.9612	35.9612	42.0462	42.0462	42.0462	42.0462	42.0462	42.0462	<Vector -4.80, 15.21, -5.46>	<Vector -6.46, 5.22, -9.95>	<Vector -4.27, -4.88, 6.77>	<Vector -4.54, -6.03, 0.49>	<Vector -6.16, 8.52, 2.20>	<Vector -1.64, 0.26, 15.22>	<Vector -4.31, -3.24, 23.31>	<Vector 2.40, -7.30, 40.18>	<Vector 8.00, 4.12, -7.79>	<Vector 6.34, -5.87, -12.28>	<Vector 8.53, -15.97, 4.44>	<Vector 8.26, -17.12, -1.84>	<Vector 6.64, -2.57, -0.13>	<Vector 11.16, -10.83, 12.89>	<Vector 8.49, -14.33, 20.98>	<Vector 15.20, -18.39, 37.85>	51.1027	51.1027	51.1027	51.1027	51.1027	51.1027	34.8012	34.8012	34.8012	34.8012	34.8012	34.8012	27.1509	27.1509	27.1509	27.1509	27.1509	27.1509	<Vector -3.78, 14.98, -31.32>	<Vector -5.44, 5.00, -35.80>	<Vector -3.25, -5.11, -19.09>	<Vector -3.52, -6.26, -25.37>	<Vector -5.14, 8.29, -23.65>	<Vector -0.62, 0.03, -10.63>	<Vector -3.29, -3.47, -2.54>	<Vector 3.42, -7.53, 14.33>	<Vector -7.53, 23.48, -34.74>	<Vector -9.20, 13.50, -39.23>	<Vector -7.01, 3.40, -22.51>	<Vector -7.28, 2.24, -28.79>	<Vector -8.89, 16.79, -27.08>	<Vector -4.38, 8.54, -14.06>	<Vector -7.05, 5.03, -5.97>	<Vector -0.33, 0.97, 10.90>	11.0977	11.0977	11.0977	11.0977	11.0977	11.0977	
('ALA', 'ILE')	23.1468	43.1162	15.3348	34.809	15.293	33.6557	10.7891	31.6686	10.7445	29.1514	23.1468	15.3348	15.293	10.7891	10.7445	6.0454	14.179	17.5857	25.182	24.1719	14.9235	17.4053	11.614	6.0454	16.5684	14.179	8.70295	17.5857	9.79253	25.182	8.59657	24.1719	5.70699	43.1162	34.809	33.6557	31.6686	29.1514	16.5684	8.70295	9.79253	8.59657	5.70699	7.56937	16.1765	19.4687	14.9235	7.56937	17.4053	16.1765	11.614	19.4687	8.59657	26.1389	5.70699	25.0983	8.59657	5.70699	7.56937	16.1765	19.4687	14.6327	22.0752	36.1842	36.6921	40.5828	7.56937	19.6016	16.1765	13.453	19.4687	8.04669	14.6327	12.5137	22.0752	7.56031	26.1389	25.0983	19.6016	13.453	8.04669	12.5137	7.56031	12.0126	15.0008	16.2541	36.1842	12.0126	36.6921	15.0008	40.5828	16.2541	
('ALA', 'THR')	15.7229	41.2386	30.0838	25.7245	27.4064	42.0814	9.88788	33.5875	21.9081	19.0711	20.0786	32.9226	6.68506	31.8115	20.4567	16.117	18.2776	33.1339	7.51789	30.1123	20.7283	18.7513	20.6127	30.7564	5.49156	27.821	16.4262	13.8887	15.467	27.9706	15.7229	9.88788	6.68506	7.51789	5.49156	15.182	20.5803	25.1531	31.8179	30.1076	20.3715	17.3432	11.2277	15.182	16.0118	13.1679	16.9816	18.3396	16.629	20.5803	9.97726	9.42492	15.8352	16.1818	9.40067	25.1531	13.2753	13.8514	20.9031	20.0988	5.32242	31.8179	13.9412	17.7736	24.9092	23.6266	4.76543	30.1076	10.8119	15.8555	22.5585	21.8539	6.89559	41.2386	33.5875	31.8115	30.1123	27.821	16.0118	9.97726	13.2753	13.9412	10.8119	6.39831	15.1034	18.5547	20.3715	6.39831	10.3432	15.3382	16.9932	12.8213	17.3432	15.1034	5.30648	6.39876	8.3779	18.1321	30.0838	21.9081	20.4567	20.7283	16.4262	13.1679	9.42492	13.8514	17.7736	15.8555	10.3432	5.30648	5.30516	11.2277	18.5547	5.30516	5.23329	7.1356	19.2301	25.7245	19.0711	16.117	18.7513	13.8887	16.9816	15.8352	20.9031	24.9092	22.5585	15.3382	6.39876	5.23329	27.4064	20.0786	18.2776	20.6127	15.467	18.3396	16.1818	20.0988	23.6266	21.8539	16.9932	8.3779	7.1356	42.0814	32.9226	33.1339	30.7564	27.9706	16.629	9.40067	5.32242	4.76543	6.89559	12.8213	18.1321	19.2301	13.9412	17.7736	24.9092	23.6266	4.76543	28.1166	36.2737	43.8917	10.8119	15.8555	22.5585	21.8539	6.89559	27.4259	34.6955	42.701	13.9412	10.8119	6.39831	15.1034	18.5547	16.7003	21.8991	35.2977	35.0564	39.4431	6.39831	10.3432	15.3382	16.9932	12.8213	21.006	27.4174	34.7237	15.1034	5.30648	6.39876	8.3779	18.1321	16.9589	19.7823	28.786	17.7736	15.8555	10.3432	5.30648	5.30516	6.23285	9.71942	21.137	22.5171	25.1445	18.5547	5.30516	5.23329	7.1356	19.2301	9.9529	14.9289	22.7337	24.9092	22.5585	15.3382	6.39876	5.23329	13.3871	11.2108	17.0761	17.668	19.9872	23.6266	21.8539	16.9932	8.3779	7.1356	11.1298	11.1205	16.9524	19.1418	20.0385	4.76543	6.89559	12.8213	18.1321	19.2301	9.89872	19.59	33.6801	35.5917	38.4675	16.7003	6.23285	13.3871	11.1298	9.89872	14.8245	22.9044	30.5309	21.8991	9.71942	11.2108	11.1205	19.59	5.82351	15.3004	20.8451	28.1166	27.4259	21.006	16.9589	9.9529	14.8245	5.82351	9.9598	12.5578	15.3762	36.2737	34.6955	27.4174	19.7823	14.9289	22.9044	15.3004	5.58042	7.32007	6.54852	35.2977	21.137	17.0761	16.9524	33.6801	9.9598	5.58042	6.72331	35.0564	22.5171	17.668	19.1418	35.5917	12.5578	7.32007	5.7282	39.4431	25.1445	19.9872	20.0385	38.4675	15.3762	6.54852	5.57122	43.8917	42.701	34.7237	28.786	22.7337	30.5309	20.8451	6.72331	5.7282	5.57122	
('LEU', 'VAL')	15.7506	20.5917	21.3893	36.27	27.109	29.3687	40.6006	15.7506	5.28515	7.09268	10.7151	10.968	18.3207	22.7796	24.4178	16.3785	24.5444	5.28515	7.29904	6.44211	20.9006	14.7236	19.7884	26.9562	7.09268	5.31515	5.76904	19.194	9.73561	14.604	24.43	20.5917	7.29904	5.31515	5.53968	6.4495	14.7915	18.904	19.3139	10.7068	19.2025	21.3893	6.44211	5.76904	5.49227	7.24645	9.72414	14.8991	15.9201	11.5315	16.9862	10.7151	5.53968	5.49227	13.3083	6.14735	13.3976	20.048	10.968	6.4495	7.24645	11.7246	10.4605	18.2601	21.3757	18.3207	14.7915	9.72414	7.56283	14.976	20.1456	14.5932	36.27	20.9006	19.194	13.3083	11.7246	7.56283	5.24226	6.84114	9.64696	11.5441	22.7796	18.904	14.8991	5.24226	18.2495	23.4456	13.9171	24.4178	19.3139	15.9201	6.84114	13.2841	15.8204	7.59304	16.3785	10.7068	11.5315	9.64696	6.69698	14.1629	17.9293	27.109	14.7236	9.73561	6.14735	10.4605	14.976	18.2495	13.2841	6.69698	10.7319	29.3687	19.7884	14.604	13.3976	18.2601	20.1456	23.4456	15.8204	14.1629	11.3343	24.5444	19.2025	16.9862	11.5441	10.7319	11.3343	10.4785	40.6006	26.9562	24.43	20.048	21.3757	14.5932	13.9171	7.59304	17.9293	10.4785	13.2841	15.8204	7.59304	9.4442	14.3714	14.6865	11.7023	18.2495	27.2468	41.1426	6.69698	14.1629	17.9293	12.5306	17.6502	15.158	10.8158	17.9713	21.0944	35.8676	13.2841	6.69698	10.7319	22.388	17.4163	21.356	15.8204	14.1629	11.3343	23.1732	18.6212	20.7132	10.7319	11.3343	10.4785	12.8267	15.7534	16.6316	12.2383	18.5344	25.2139	38.9224	7.59304	17.9293	10.4785	9.11416	30.4616	36.9995	22.388	23.1732	9.11416	9.86843	10.6883	13.1406	14.9701	16.8362	31.008	42.5579	9.4442	12.5306	12.8267	9.86843	20.8567	29.0117	14.3714	17.6502	15.7534	10.6883	18.1219	26.1688	14.6865	15.158	16.6316	13.1406	15.841	24.7118	11.7023	10.8158	12.2383	14.9701	15.4959	22.9165	18.2495	17.9713	18.5344	16.8362	11.8857	20.3024	17.4163	18.6212	30.4616	20.8567	18.1219	15.841	15.4959	11.8857	5.44642	15.4477	27.2468	21.0944	25.2139	31.008	5.44642	6.44383	21.356	20.7132	36.9995	29.0117	26.1688	24.7118	22.9165	20.3024	6.44383	9.46524	41.1426	35.8676	38.9224	42.5579	15.4477	9.46524	
('THR', 'PRO')	36.8481	21.9859	24.0617	36.8481	16.1538	22.2851	29.0617	27.8431	10.3107	16.1538	5.56066	13.5403	21.9859	5.56066	15.4649	17.9319	21.1687	19.3138	22.2851	15.4649	9.06183	29.0617	17.9319	16.3855	27.8431	21.1687	14.7901	24.0617	13.5403	9.06183	16.3855	14.7901	6.19661	10.3107	19.3138	6.19661	16.1538	22.2851	29.0617	27.8431	10.3107	33.4708	41.0148	49.0652	16.1538	5.56066	13.5403	5.56066	15.4649	17.9319	21.1687	19.3138	25.7552	30.1975	37.3504	22.2851	15.4649	9.06183	29.0617	17.9319	16.3855	27.8431	21.1687	14.7901	13.5403	9.06183	16.3855	14.7901	6.19661	19.7623	27.3895	35.2886	10.3107	19.3138	6.19661	33.4708	25.7552	19.7623	41.0148	30.1975	27.3895	49.0652	37.3504	35.2886	
('ALA', 'ARG')	7.13045	44.191	38.3083	7.13045	5.26156	7.12503	5.86515	9.23075	22.1188	29.2855	32.6361	40.1012	39.1051	30.0432	27.5275	20.5484	5.26156	35.5468	30.9071	7.12503	35.1096	28.6214	5.86515	32.1759	28.0642	9.23075	30.1926	25.0362	22.1188	16.1605	16.0199	29.2855	9.5819	9.67307	32.6361	7.74218	14.5155	44.191	35.5468	35.1096	32.1759	30.1926	16.1605	9.5819	7.74218	7.2665	6.92917	10.3059	19.7486	21.6112	40.1012	7.2665	15.5161	39.1051	6.92917	11.9137	38.3083	30.9071	28.6214	28.0642	25.0362	16.0199	9.67307	14.5155	15.5161	11.9137	5.57386	10.076	14.8233	30.0432	10.3059	5.57386	27.5275	19.7486	10.076	20.5484	21.6112	14.8233	7.2665	6.92917	10.3059	19.7486	21.6112	15.539	22.8012	37.5868	38.2703	42.4013	7.2665	15.5161	10.9732	51.1589	56.8064	6.92917	11.9137	11.6169	49.4715	55.0514	15.5161	11.9137	5.57386	10.076	14.8233	14.5051	19.4258	31.6359	31.5198	35.3507	10.3059	5.57386	13.7	40.9157	46.8065	19.7486	10.076	15.1106	34.0161	39.2133	21.6112	14.8233	15.0226	29.15	34.8862	10.9732	11.6169	13.7	15.1106	15.0226	4.87455	15.0364	27.9409	30.4293	32.5692	15.539	14.5051	4.87455	37.9771	43.5246	22.8012	19.4258	15.0364	28.7421	34.8012	37.5868	31.6359	27.9409	15.074	20.6054	38.2703	31.5198	30.4293	12.603	18.9383	42.4013	35.3507	32.5692	10.8215	15.4854	51.1589	49.4715	40.9157	34.0161	29.15	37.9771	28.7421	15.074	12.603	10.8215	56.8064	55.0514	46.8065	39.2133	34.8862	43.5246	34.8012	20.6054	18.9383	15.4854	
('ASP', 'PHE')	21.5359	36.7409	21.5359	36.7409	
('THR', 'CYS')	19.7675	12.5575	19.2267	16.8354	8.96484	19.7675	12.5575	19.2267	16.8354	8.96484	16.4937	26.5658	32.6595	16.4937	26.5658	32.6595	
('VAL', 'PRO')	36.4834	21.8157	24.3634	31.6859	16.2362	19.9592	27.4372	17.5183	14.8513	15.2521	9.87462	10.2003	36.4834	31.6859	27.4372	15.2521	26.0575	27.0452	8.93572	21.8157	16.2362	17.5183	9.87462	11.7836	17.9593	18.7719	26.0575	11.7836	14.529	27.0452	17.9593	15.4888	24.3634	19.9592	14.8513	10.2003	14.529	15.4888	5.79252	8.93572	18.7719	5.79252	26.0575	27.0452	8.93572	18.7024	22.5248	24.2527	23.1929	28.1904	39.5464	52.7677	11.7836	17.9593	18.7719	16.6639	22.4892	20.5146	16.3891	23.7593	26.8551	41.6149	26.0575	11.7836	14.529	27.0452	17.9593	15.4888	14.529	15.4888	5.79252	6.85773	9.74676	11.4793	9.7084	14.6737	26.0069	38.9984	8.93572	18.7719	5.79252	18.7024	16.6639	6.85773	22.5248	22.4892	9.74676	24.2527	20.5146	11.4793	23.1929	16.3891	9.7084	28.1904	23.7593	14.6737	39.5464	26.8551	26.0069	52.7677	41.6149	38.9984	
('SER', 'GLN')	13.6702	13.6702	14.1512	14.1512	14.1512	26.2096	14.1512	38.7005	26.2096	26.4865	38.7005	26.4865	
('VAL', 'VAL')	5.72308	9.91046	22.4655	15.12	21.1875	30.0723	5.72308	7.38386	17.6551	9.93217	17.0674	25.5059	9.91046	7.38386	14.986	10.8379	16.1745	20.5954	22.4655	17.6551	14.986	14.9971	20.301	12.7583	15.12	9.93217	10.8379	14.9971	8.35748	19.3674	21.1875	17.0674	16.1745	20.301	8.35748	19.2864	30.0723	25.5059	20.5954	12.7583	19.3674	19.2864	8.35748	19.3674	13.8735	16.0808	14.4343	9.18025	14.9092	15.7797	30.2981	8.35748	19.2864	17.2047	16.1676	17.1175	12.2188	15.3157	16.6287	29.0201	19.3674	19.2864	12.044	14.2928	16.8398	15.4785	19.8705	31.4796	44.1754	13.8735	17.2047	12.044	7.5051	5.92759	6.33911	11.0775	22.8702	35.8875	16.0808	16.1676	14.2928	7.5051	5.42072	7.43281	6.31158	20.8111	31.8824	14.4343	17.1175	16.8398	5.92759	5.42072	5.43403	5.92735	18.7737	30.7846	9.18025	12.2188	15.4785	6.33911	7.43281	5.43403	7.43111	16.842	30.2288	14.9092	15.3157	19.8705	11.0775	6.31158	5.92735	7.43111	15.0518	25.7977	15.7797	16.6287	31.4796	22.8702	20.8111	18.7737	16.842	15.0518	14.798	30.2981	29.0201	44.1754	35.8875	31.8824	30.7846	30.2288	25.7977	14.798	
('GLN', 'ASP')	8.65575	8.65575	8.65575	8.65575	46.2279	46.2279	
('VAL', 'MET')	11.8908	11.062	16.2949	9.81736	5.72199	7.30616	5.42429	11.8908	11.062	16.2949	9.81736	5.72199	7.30616	5.42429	5.05341	16.1705	27.9956	5.05341	16.1705	27.9956	
('HIS', 'GLU')	37.0133	37.0133	
('LEU', 'TYR')	30.9833	35.0554	35.1878	36.327	15.5246	19.9414	24.0634	23.4948	14.9414	17.7673	19.0889	19.9063	9.76551	11.5519	15.9497	15.9966	6.47787	9.37593	19.9044	18.7742	30.9833	15.5246	14.9414	9.76551	6.47787	5.13908	6.48971	11.5596	8.89726	15.1386	5.13908	10.8565	20.3162	14.8304	6.48971	10.0662	22.2703	16.0746	11.5596	10.2373	12.8572	6.91145	35.0554	19.9414	17.7673	11.5519	9.37593	10.8565	10.0662	10.2373	6.21248	12.533	8.89726	6.21248	14.0519	14.3723	35.1878	24.0634	19.0889	15.9497	19.9044	20.3162	22.2703	12.8572	14.0519	7.31109	15.1386	12.533	7.31109	5.56911	36.327	23.4948	19.9063	15.9966	18.7742	14.8304	16.0746	6.91145	14.3723	5.56911	10.2373	12.8572	6.91145	10.2373	6.21248	12.533	20.6006	26.9757	32.8979	6.21248	14.0519	14.3723	12.8572	14.0519	7.31109	22.0178	24.4123	26.9483	12.533	7.31109	5.56911	6.91145	14.3723	5.56911	13.17	25.6504	31.0378	20.6006	22.0178	13.17	26.9757	24.4123	25.6504	32.8979	26.9483	31.0378	
('VAL', 'ASP')	27.5617	22.2288	20.8649	16.2965	12.6575	10.6968	27.5617	22.2288	20.8649	16.2965	12.6575	10.6968	13.6843	13.6843	12.6575	10.6968	12.6575	10.6968	13.6843	17.5906	19.3409	20.7743	16.0618	21.6331	26.52	39.6406	13.6843	17.5906	19.3409	20.7743	16.0618	21.6331	26.52	39.6406	
('THR', 'VAL')	5.22993	6.67878	10.85	23.7329	13.0211	17.6993	29.7559	5.22993	25.0931	18.2629	16.5586	19.6294	28.2234	6.67878	19.6441	13.9682	12.9354	16.5909	24.1756	10.85	18.9685	10.3211	12.5969	13.756	18.5737	23.7329	6.63129	14.2412	20.0015	21.0612	10.9461	25.0931	19.6441	18.9685	6.63129	14.9395	19.944	14.9449	13.0211	14.9395	7.35302	6.38994	10.6147	20.1494	18.2629	13.9682	10.3211	14.2412	7.35302	7.8207	14.1935	16.5586	12.9354	12.5969	20.0015	6.38994	4.84141	21.1764	19.6294	16.5909	13.756	21.0612	10.6147	6.04451	19.2375	17.6993	19.944	7.8207	4.84141	6.04451	21.681	29.7559	14.9449	14.1935	21.1764	19.2375	5.50689	28.2234	24.1756	18.5737	10.9461	20.1494	21.681	5.50689	14.9395	19.944	14.9449	15.2173	21.5467	20.2468	16.8909	24.2381	30.1784	44.8416	14.9395	7.35302	6.38994	10.6147	20.1494	15.608	18.546	26.4662	7.35302	7.8207	14.1935	9.40245	9.50768	9.91158	4.95998	10.1435	17.4754	30.8339	6.38994	4.84141	21.1764	16.0757	15.1773	14.8213	10.1155	12.7308	12.2264	25.6117	10.6147	6.04451	19.2375	15.128	11.8863	13.3291	9.72118	10.0714	14.1962	25.8034	19.944	7.8207	4.84141	6.04451	21.681	16.4722	16.8966	26.5756	14.9449	14.1935	21.1764	19.2375	5.50689	25.2143	32.4998	40.7317	20.1494	21.681	5.50689	9.21757	12.7891	14.3315	14.4868	18.5602	31.2514	43.9594	15.2173	9.40245	16.0757	15.128	9.21757	15.7441	25.065	31.5202	21.5467	9.50768	15.1773	11.8863	12.7891	12.1967	21.5293	28.2429	20.2468	9.91158	14.8213	13.3291	14.3315	10.4	20.7477	26.3834	16.8909	4.95998	10.1155	9.72118	14.4868	10.897	18.991	26.0472	24.2381	10.1435	12.7308	10.0714	18.5602	5.90235	15.873	21.9663	15.608	16.4722	25.2143	15.7441	12.1967	10.4	10.897	5.90235	9.98048	20.3918	30.1784	17.4754	12.2264	14.1962	31.2514	9.98048	5.33909	10.7371	18.546	16.8966	32.4998	25.065	21.5293	20.7477	18.991	15.873	5.33909	12.2254	26.4662	26.5756	40.7317	31.5202	28.2429	26.3834	26.0472	21.9663	10.7371	5.88796	44.8416	30.8339	25.6117	25.8034	43.9594	20.3918	12.2254	5.88796	
('LEU', 'HIS')	5.09386	5.09386	15.4097	16.3286	22.603	25.2488	30.2224	35.4842	35.0903	28.9345	33.8656	15.4097	16.3286	22.603	25.2488	30.2224	35.4842	35.0903	28.9345	33.8656	
('ALA', 'PHE')	29.6589	46.4833	27.986	44.8076	20.5094	36.9157	13.4729	29.2849	8.00361	24.7294	16.5672	33.1562	9.46016	24.7453	29.6589	27.986	20.5094	13.4729	8.00361	16.5672	9.46016	9.7042	10.7872	13.2058	9.7042	10.8898	10.7872	9.87981	13.2058	5.75834	46.4833	44.8076	36.9157	29.2849	24.7294	33.1562	24.7453	10.8898	9.87981	5.75834	
('ALA', 'CYS')	13.6721	14.8483	14.6337	17.4686	15.0456	13.6721	14.8483	14.6337	17.4686	15.0456	6.77913	12.7998	26.3948	28.717	31.5604	6.77913	12.7998	26.3948	28.717	31.5604	
('HIS', 'SER')	29.078	25.8106	29.078	25.8106	
('VAL', 'CYS')	18.3688	20.0909	12.479	18.3688	20.0909	12.479	5.33211	5.72547	6.70199	9.74509	10.9873	25.1274	36.7445	5.33211	5.72547	6.70199	9.74509	10.9873	25.1274	36.7445	
('ILE', 'GLU')	19.9627	19.9627	5.32734	5.32734	50.1621	53.3051	26.5032	30.8288	50.1621	26.5032	53.3051	30.8288	
('GLN', 'CYS')	17.6558	17.6558	43.299	43.299	
('SER', 'SER')	5.09549	5.09549	12.7294	12.7294	
('LEU', 'ARG')	5.5009	41.4734	36.9355	5.5009	11.8654	14.5506	20.3224	21.549	27.3068	32.2738	33.6726	26.5882	33.3293	11.8654	26.1896	22.7405	14.5506	24.7317	18.9704	20.3224	19.0629	13.0517	21.549	17.5514	13.9372	27.3068	11.288	14.5326	32.2738	6.78999	14.3975	41.4734	26.1896	24.7317	19.0629	17.5514	11.288	6.78999	8.76537	15.345	14.1596	33.6726	8.76537	7.42779	36.9355	22.7405	18.9704	13.0517	13.9372	14.5326	14.3975	7.42779	7.03474	6.23372	26.5882	15.345	7.03474	33.3293	14.1596	6.23372	8.76537	15.345	14.1596	14.0447	32.79	40.0204	8.76537	7.42779	10.3053	43.7428	49.3804	7.42779	7.03474	6.23372	20.4207	27.387	31.9695	15.345	7.03474	17.4589	36.9739	42.8959	14.1596	6.23372	12.8957	41.2072	46.4742	14.0447	20.4207	5.67472	46.9526	52.5227	10.3053	17.4589	12.8957	5.67472	24.2114	31.728	32.79	27.387	24.2114	18.8949	24.9554	40.0204	31.9695	31.728	10.7985	16.3472	43.7428	36.9739	41.2072	46.9526	18.8949	10.7985	49.3804	42.8959	46.4742	52.5227	24.9554	16.3472	
('HIS', 'GLN')	39.3768	39.3768	
('PHE', 'PHE')	16.867	16.867	
('PRO', 'ASP')	19.0537	13.8442	19.0537	13.8442	12.7099	12.7099	19.0537	13.8442	19.0537	13.8442	12.7099	12.7099	
('LEU', 'PRO')	48.3434	36.5978	34.9224	33.8454	22.2593	21.1922	31.6897	19.0038	18.6839	26.4763	12.9275	14.5494	26.4626	12.2631	16.2473	19.4059	15.21	10.1391	16.1473	14.7738	11.3661	48.3434	33.8454	31.6897	26.4763	26.4626	19.4059	16.1473	12.8443	22.8184	16.46	12.8443	11.3527	5.36862	36.5978	22.2593	19.0038	12.9275	12.2631	15.21	14.7738	11.3527	6.21702	11.3061	22.8184	6.21702	13.5934	16.46	11.3061	8.35069	34.9224	21.1922	18.6839	14.5494	16.2473	10.1391	11.3661	5.36862	13.5934	8.35069	12.8443	22.8184	16.46	14.4684	38.6119	45.2907	12.8443	11.3527	5.36862	11.3527	6.21702	11.3061	23.6449	28.0651	32.5702	22.8184	6.21702	13.5934	16.46	11.3061	8.35069	5.36862	13.5934	8.35069	8.84758	24.889	31.7354	14.4684	23.6449	8.84758	38.6119	28.0651	24.889	45.2907	32.5702	31.7354	
('SER', 'GLU')	10.8	10.8	12.5024	12.5024	36.4195	39.4165	24.9242	27.674	36.4195	24.9242	39.4165	27.674	
('ALA', 'VAL')	17.2154	21.8998	24.1587	38.6922	28.1248	30.2647	43.4231	10.9812	15.1148	15.417	30.3326	21.1946	23.7184	34.5589	9.98593	13.1807	15.4032	29.5624	18.3509	20.8078	34.0753	6.13717	11.1481	12.4371	26.7994	19.151	23.5375	32.8091	7.41153	9.88851	10.164	24.8447	15.4071	18.6318	29.3436	17.2154	10.9812	9.98593	6.13717	7.41153	12.7024	19.9736	23.9371	31.2645	29.9178	20.0653	19.7826	13.4739	21.8998	15.1148	13.1807	11.1481	9.88851	9.69787	15.3115	20.0356	26.7526	24.9913	14.7254	14.864	9.70724	24.1587	15.417	15.4032	12.4371	10.164	5.88344	11.2239	14.7092	22.0002	21.0533	12.8872	13.7499	7.48555	12.7024	9.69787	5.88344	11.1453	13.2889	19.8025	19.5909	19.9736	15.3115	11.2239	5.29182	11.927	16.333	10.9868	38.6922	30.3326	29.5624	26.7994	24.8447	11.1453	5.29182	7.30941	11.0781	9.48756	5.09519	15.4799	16.5742	23.9371	20.0356	14.7092	7.30941	17.733	21.1887	9.65962	31.2645	26.7526	22.0002	11.0781	21.9708	23.5937	5.58163	29.9178	24.9913	21.0533	9.48756	19.2774	20.9434	5.28074	20.0653	14.7254	12.8872	5.09519	10.1428	15.5406	13.0646	28.1248	21.1946	18.3509	19.151	15.4071	13.2889	11.927	17.733	21.9708	19.2774	10.1428	5.32044	5.88748	19.7826	14.864	13.7499	15.4799	5.32044	4.9358	16.1244	13.4739	9.70724	7.48555	16.5742	5.88748	8.80448	19.1884	30.2647	23.7184	20.8078	23.5375	18.6318	19.8025	16.333	21.1887	23.5937	20.9434	15.5406	4.9358	8.80448	43.4231	34.5589	34.0753	32.8091	29.3436	19.5909	10.9868	9.65962	5.58163	5.28074	13.0646	16.1244	19.1884	21.9708	23.5937	5.58163	13.046	17.2454	18.6049	17.9553	22.8393	34.6268	47.7952	19.2774	20.9434	5.28074	12.9532	17.4788	18.6143	16.8134	22.5206	32.961	46.5236	10.1428	15.5406	13.0646	9.62452	15.6798	14.083	10.5103	17.8835	24.5388	39.0371	21.9708	19.2774	10.1428	5.32044	5.88748	12.8906	11.8105	21.4007	21.0154	24.9006	5.32044	4.9358	16.1244	13.745	14.7509	14.9688	9.64391	14.954	18.3489	31.9777	5.88748	8.80448	19.1884	11.6352	11.6381	10.0304	5.42183	9.19643	12.624	26.667	23.5937	20.9434	15.5406	4.9358	8.80448	13.5181	14.9137	20.9806	22.0171	23.3646	5.58163	5.28074	13.0646	16.1244	19.1884	10.4047	21.1549	34.2555	36.2475	38.5028	13.046	12.9532	9.62452	13.745	11.6352	5.35312	10.7187	25.4742	26.9253	30.569	12.8906	13.5181	10.4047	5.35312	5.23594	7.3142	5.81171	9.6242	21.7097	34.2314	17.2454	17.4788	15.6798	14.7509	11.6381	5.23594	9.75253	21.7165	24.5212	26.5651	18.6049	18.6143	14.083	14.9688	10.0304	7.3142	6.19936	20.3371	22.2201	25.6759	17.9553	16.8134	10.5103	9.64391	5.42183	5.81171	5.96806	19.9786	21.2715	24.7776	22.8393	22.5206	17.8835	14.954	9.19643	9.6242	5.4126	15.5145	18.3428	20.5892	11.8105	14.9137	21.1549	10.7187	9.75253	6.19936	5.96806	5.4126	12.7059	25.4381	34.6268	32.961	24.5388	18.3489	12.624	21.7097	12.7059	6.92651	5.47197	9.8992	21.4007	20.9806	34.2555	25.4742	21.7165	20.3371	19.9786	15.5145	6.92651	10.455	21.0154	22.0171	36.2475	26.9253	24.5212	22.2201	21.2715	18.3428	5.47197	10.7827	24.9006	23.3646	38.5028	30.569	26.5651	25.6759	24.7776	20.5892	9.8992	5.76653	47.7952	46.5236	39.0371	31.9777	26.667	34.2314	25.4381	10.455	10.7827	5.76653	
('HIS', 'TRP')	5.45662	30.3903	30.3341	5.45662	30.3903	30.3341	
('GLY', 'ASP')	33.1339	16.629	9.21048	10.3107	21.681	19.4692	<Vector 7.17, 8.45, 29.28>	<Vector -0.10, 12.42, 11.25>	<Vector -5.44, 19.96, -3.85>	<Vector -7.11, 9.98, -8.34>	<Vector -4.92, -0.12, 8.38>	<Vector -5.19, -1.28, 2.10>	56.3301	61.511	35.9612	42.0462	<Vector -5.44, 19.96, -3.85>	<Vector -7.11, 9.98, -8.34>	<Vector -4.92, -0.12, 8.38>	<Vector -5.19, -1.28, 2.10>	<Vector -6.80, 13.27, 3.81>	<Vector -2.29, 5.02, 16.84>	<Vector -4.96, 1.51, 24.92>	<Vector 1.76, -2.55, 41.79>	51.1027	34.8012	27.1509	11.0977	
('TRP', 'ASP')	35.3297	9.02867	8.65072	35.3297	9.02867	8.65072	9.02867	8.65072	9.02867	8.65072	20.7976	36.3218	20.7976	36.3218	
('HIS', 'VAL')	15.5759	19.4912	20.6389	35.3563	24.5197	25.8284	38.935	15.5759	19.4912	20.6389	35.3563	24.5197	25.8284	38.935	
('SER', 'ASP')	15.3209	13.2992	15.3209	13.2992	13.2992	13.2992	23.3197	23.3197	
('GLY', 'VAL')	33.1339	33.1339	33.1339	33.1339	33.1339	33.1339	33.1339	<Vector 0.14, -3.69, 5.55>	<Vector -7.13, 0.28, -12.47>	<Vector -12.47, 7.83, -27.58>	<Vector -14.14, -2.16, -32.06>	<Vector -11.95, -12.26, -15.35>	<Vector -12.22, -13.41, -21.63>	<Vector 0.14, -2.21, 11.08>	<Vector -7.12, 1.76, -6.94>	<Vector -12.46, 9.30, -22.05>	<Vector -14.13, -0.68, -26.53>	<Vector -11.94, -10.78, -9.82>	<Vector -12.21, -11.94, -16.10>	<Vector 7.15, -4.01, 12.54>	<Vector -0.11, -0.04, -5.48>	<Vector -5.45, 7.50, -20.59>	<Vector -7.12, -2.48, -25.07>	<Vector -4.93, -12.58, -8.36>	<Vector -5.20, -13.74, -14.64>	16.629	16.629	16.629	16.629	16.629	16.629	16.629	<Vector 5.54, -7.61, 27.00>	<Vector -1.72, -3.63, 8.98>	<Vector -7.06, 3.91, -6.13>	<Vector -8.73, -6.08, -10.61>	<Vector -6.54, -16.18, 6.10>	<Vector -6.81, -17.33, -0.18>	9.21048	9.21048	9.21048	9.21048	9.21048	9.21048	9.21048	10.3107	10.3107	10.3107	10.3107	10.3107	10.3107	10.3107	<Vector 2.86, 4.21, 18.16>	<Vector -4.40, 8.18, 0.13>	<Vector -9.75, 15.72, -14.97>	<Vector -11.41, 5.74, -19.46>	<Vector -9.22, -4.37, -2.74>	<Vector -9.49, -5.52, -9.02>	<Vector 7.87, 10.85, 18.88>	<Vector 0.61, 14.82, 0.86>	<Vector -4.73, 22.37, -14.25>	<Vector -6.40, 12.38, -18.74>	<Vector -4.21, 2.28, -2.02>	<Vector -4.48, 1.13, -8.30>	21.681	21.681	21.681	21.681	21.681	21.681	21.681	19.4692	19.4692	19.4692	19.4692	19.4692	19.4692	19.4692	<Vector 16.17, -1.73, 30.92>	<Vector 8.90, 2.25, 12.90>	<Vector 3.56, 9.79, -2.21>	<Vector 1.89, -0.20, -6.70>	<Vector 4.08, -10.30, 10.02>	<Vector 3.81, -11.45, 3.74>	56.3301	56.3301	56.3301	56.3301	56.3301	56.3301	56.3301	56.3301	56.3301	56.3301	61.511	61.511	61.511	61.511	61.511	61.511	61.511	61.511	61.511	61.511	<Vector -9.75, 15.72, -14.97>	<Vector -11.41, 5.74, -19.46>	<Vector -9.22, -4.37, -2.74>	<Vector -9.49, -5.52, -9.02>	<Vector -11.11, 9.03, -7.31>	<Vector -6.59, 0.77, 5.71>	<Vector -9.26, -2.73, 13.80>	<Vector -2.55, -6.79, 30.67>	<Vector -4.73, 22.37, -14.25>	<Vector -6.40, 12.38, -18.74>	<Vector -4.21, 2.28, -2.02>	<Vector -4.48, 1.13, -8.30>	<Vector -6.09, 15.68, -6.59>	<Vector -1.58, 7.42, 6.44>	<Vector -4.25, 3.92, 14.52>	<Vector 2.46, -0.14, 31.40>	35.9612	35.9612	35.9612	35.9612	35.9612	35.9612	35.9612	35.9612	35.9612	35.9612	42.0462	42.0462	42.0462	42.0462	42.0462	42.0462	42.0462	42.0462	42.0462	42.0462	<Vector 3.56, 9.79, -2.21>	<Vector 1.89, -0.20, -6.70>	<Vector 4.08, -10.30, 10.02>	<Vector 3.81, -11.45, 3.74>	<Vector 2.20, 3.10, 5.45>	<Vector 6.71, -5.16, 18.48>	<Vector 4.04, -8.66, 26.56>	<Vector 10.76, -12.72, 43.44>	51.1027	51.1027	51.1027	51.1027	51.1027	51.1027	51.1027	51.1027	51.1027	51.1027	<Vector -0.26, 5.81, -12.92>	<Vector -1.93, -4.18, -17.40>	<Vector 0.26, -14.28, -0.69>	<Vector -0.00, -15.43, -6.97>	<Vector -1.62, -0.88, -5.25>	<Vector 2.90, -9.14, 7.77>	<Vector 0.23, -12.64, 15.86>	<Vector 6.94, -16.70, 32.73>	<Vector 5.10, 9.72, -16.42>	<Vector 3.44, -0.26, -20.90>	<Vector 5.63, -10.36, -4.19>	<Vector 5.36, -11.52, -10.47>	<Vector 3.74, 3.03, -8.76>	<Vector 8.26, -5.22, 4.27>	<Vector 5.59, -8.73, 12.35>	<Vector 12.30, -12.79, 29.23>	<Vector 1.05, 6.86, -18.60>	<Vector -0.61, -3.13, -23.09>	<Vector 1.58, -13.23, -6.37>	<Vector 1.31, -14.39, -12.65>	<Vector -0.31, 0.17, -10.94>	<Vector 4.21, -8.09, 2.08>	<Vector 1.54, -11.59, 10.17>	<Vector 8.25, -15.65, 27.04>	<Vector -2.27, 10.62, -16.52>	<Vector -3.94, 0.63, -21.01>	<Vector -1.75, -9.47, -4.29>	<Vector -2.02, -10.63, -10.57>	<Vector -3.63, 3.93, -8.86>	<Vector 0.88, -4.33, 4.16>	<Vector -1.79, -7.83, 12.25>	<Vector 4.92, -11.89, 29.12>	<Vector 2.69, 11.44, -21.99>	<Vector 1.02, 1.45, -26.48>	<Vector 3.21, -8.65, -9.76>	<Vector 2.94, -9.81, -16.04>	<Vector 1.33, 4.74, -14.33>	<Vector 5.84, -3.51, -1.31>	<Vector 3.17, -7.02, 6.78>	<Vector 9.89, -11.07, 23.65>	34.8012	34.8012	34.8012	34.8012	34.8012	34.8012	34.8012	34.8012	34.8012	34.8012	27.1509	27.1509	27.1509	27.1509	27.1509	27.1509	27.1509	27.1509	27.1509	27.1509	<Vector -7.47, 18.85, -30.27>	<Vector -9.13, 8.86, -34.76>	<Vector -6.94, -1.24, -18.04>	<Vector -7.21, -2.40, -24.32>	<Vector -8.83, 12.15, -22.61>	<Vector -4.31, 3.90, -9.58>	<Vector -6.98, 0.40, -1.50>	<Vector -0.27, -3.66, 15.38>	<Vector -3.38, 24.93, -43.13>	<Vector -5.05, 14.95, -47.61>	<Vector -2.86, 4.85, -30.89>	<Vector -3.12, 3.69, -37.18>	<Vector -4.74, 18.24, -35.46>	<Vector -0.22, 9.99, -22.44>	<Vector -2.90, 6.48, -14.35>	<Vector 3.82, 2.42, 2.52>	11.0977	11.0977	11.0977	11.0977	11.0977	11.0977	11.0977	11.0977	11.0977	11.0977	
('HIS', 'THR')	13.2105	38.0422	25.629	21.4214	22.4819	37.8294	13.2105	38.0422	25.629	21.4214	22.4819	37.8294	
('LEU', 'LEU')	15.4681	17.9781	24.125	25.8978	30.5532	35.751	36.7827	30.656	36.2941	15.4681	5.45769	9.77441	10.8097	15.4693	20.5078	22.2793	16.3059	22.8707	17.9781	5.45769	6.30363	9.71946	15.1697	20.0821	19.3569	12.8761	18.8032	24.125	9.77441	6.30363	5.17438	10.986	15.0925	13.9479	6.74748	13.8946	25.8978	10.8097	9.71946	5.17438	9.57073	12.8302	14.8863	7.33619	16.3433	30.5532	15.4693	15.1697	10.986	9.57073	5.41089	10.5941	11.6816	14.7812	35.751	20.5078	20.0821	15.0925	12.8302	5.41089	10.2971	13.4768	15.5973	36.7827	22.2793	19.3569	13.9479	14.8863	10.5941	10.2971	10.5519	5.73471	30.656	16.3059	12.8761	6.74748	7.33619	11.6816	13.4768	10.5519	10.3684	36.2941	22.8707	18.8032	13.8946	16.3433	14.7812	15.5973	5.73471	10.3684	10.5519	5.73471	13.1034	26.9226	33.1134	10.5519	10.3684	21.1084	21.9331	27.067	5.73471	10.3684	17.0968	25.8742	30.5494	13.1034	21.1084	17.0968	28.4624	36.6433	26.9226	21.9331	25.8742	28.4624	9.90807	33.1134	27.067	30.5494	36.6433	9.90807	
('TRP', 'VAL')	13.0325	17.297	20.3177	34.4139	23.4054	26.0429	39.574	13.0325	19.8446	20.2936	17.297	14.2044	14.9862	20.3177	14.7793	12.7892	34.4139	12.3324	9.73086	19.8446	14.2044	14.7793	12.3324	5.89267	10.7192	16.9781	20.2936	14.9862	12.7892	9.73086	7.46568	10.6653	12.2008	23.4054	5.89267	7.46568	26.0429	10.7192	10.6653	39.574	16.9781	12.2008	5.89267	10.7192	16.9781	14.6869	18.4052	17.3532	12.2141	19.0429	21.6393	36.0689	7.46568	10.6653	12.2008	10.0088	13.6789	13.3536	8.64695	15.6065	21.9857	36.1113	5.89267	7.46568	19.8272	25.8252	10.7192	10.6653	22.4997	26.0371	16.9781	12.2008	10.6123	41.8769	19.8272	22.4997	10.6123	6.3766	10.627	10.7077	12.5751	15.7998	28.9775	41.3868	14.6869	10.0088	6.3766	33.1004	18.4052	13.6789	10.627	30.5086	17.3532	13.3536	10.7077	28.5238	12.2141	8.64695	12.5751	27.2392	19.0429	15.6065	15.7998	24.3807	21.6393	21.9857	28.9775	10.5157	25.8252	26.0371	41.8769	33.1004	30.5086	28.5238	27.2392	24.3807	10.5157	7.32784	36.0689	36.1113	41.3868	7.32784	
('ALA', 'HIS')	5.43703	5.43703	5.96062	6.60784	10.7829	10.5341	25.7425	31.3551	34.8648	41.6797	40.5685	32.2263	27.3648	20.8036	5.96062	6.60784	10.7829	10.5341	25.7425	31.3551	34.8648	41.6797	40.5685	32.2263	27.3648	20.8036	
('HIS', 'ASP')	35.6342	35.6342	
('ALA', 'MET')	19.9769	19.073	14.91	10.5736	6.94477	6.36152	19.9769	19.073	14.91	10.5736	6.94477	6.36152	7.43567	18.005	20.4986	22.4089	7.43567	18.005	20.4986	22.4089	
('GLU', 'ASP')	14.5331	14.5331	42.6781	46.9159	42.6781	46.9159	
('PHE', 'GLU')	22.8284	26.6453	6.15597	10.8196	22.8284	6.15597	26.6453	10.8196	
('LEU', 'GLN')	41.45	27.2754	23.8509	18.4076	19.5515	15.9233	14.681	41.45	27.2754	23.8509	18.4076	19.5515	15.9233	14.681	5.44636	13.926	6.11186	5.44636	13.926	6.11186	5.44636	13.926	6.11186	16.2537	31.2493	36.5171	5.44636	47.7405	13.926	41.8147	6.11186	45.5471	16.2537	49.2613	31.2493	21.5812	36.5171	15.274	47.7405	41.8147	45.5471	49.2613	21.5812	15.274	
('ALA', 'GLU')	40.9448	32.1656	31.6371	29.4409	26.7487	14.4782	5.96436	5.19064	40.9448	32.1656	31.6371	29.4409	26.7487	14.4782	5.96436	5.19064	5.7109	4.40917	7.87791	15.2757	17.3252	5.7109	4.40917	7.87791	15.2757	17.3252	52.3141	56.0596	50.7531	54.4873	43.0137	45.8913	35.3389	39.233	30.7534	34.1604	38.8559	42.8108	30.362	33.299	15.7277	19.3038	15.0836	17.0627	10.3621	15.1138	52.3141	50.7531	43.0137	35.3389	30.7534	38.8559	30.362	15.7277	15.0836	10.3621	56.0596	54.4873	45.8913	39.233	34.1604	42.8108	33.299	19.3038	17.0627	15.1138	
('TYR', 'TYR')	6.93224	20.7012	16.9616	6.93224	18.2428	16.3241	20.7012	18.2428	9.17353	16.9616	16.3241	9.17353	18.2428	16.3241	18.2428	9.17353	16.3241	9.17353	
('GLU', 'GLU')	7.11524	7.11524	
('TRP', 'TYR')	29.3904	32.1747	31.8582	34.5635	29.3904	13.5654	11.6604	32.1747	9.88597	10.1139	13.5654	9.88597	9.3265	12.0791	11.6604	10.1139	9.11768	7.56864	31.8582	9.3265	9.11768	34.5635	12.0791	7.56864	9.88597	10.1139	16.43	36.619	9.88597	9.3265	12.0791	10.1139	9.11768	7.56864	9.3265	9.11768	21.7373	32.2266	12.0791	7.56864	13.6772	36.1347	16.43	21.7373	13.6772	36.619	32.2266	36.1347	
('GLY', 'PRO')	33.1339	33.1339	33.1339	16.629	16.629	16.629	9.21048	9.21048	9.21048	<Vector 15.21, -6.03, 38.69>	<Vector 7.95, -2.06, 20.67>	<Vector 2.61, 5.48, 5.56>	<Vector 0.94, -4.50, 1.08>	<Vector 3.13, -14.60, 17.79>	<Vector 2.86, -15.76, 11.51>	10.3107	10.3107	10.3107	<Vector -2.22, -1.50, 27.13>	<Vector -9.48, 2.47, 9.11>	<Vector -14.82, 10.01, -6.00>	<Vector -16.49, 0.03, -10.49>	<Vector -14.30, -10.07, 6.23>	<Vector -14.57, -11.23, -0.05>	21.681	21.681	21.681	19.4692	19.4692	19.4692	<Vector 13.79, -1.76, 25.63>	<Vector 6.53, 2.21, 7.61>	<Vector 1.19, 9.75, -7.50>	<Vector -0.48, -0.23, -11.98>	<Vector 1.71, -10.34, 4.74>	<Vector 1.44, -11.49, -1.55>	56.3301	56.3301	56.3301	<Vector 2.61, 5.48, 5.56>	<Vector 0.94, -4.50, 1.08>	<Vector 3.13, -14.60, 17.79>	<Vector 2.86, -15.76, 11.51>	<Vector 1.25, -1.21, 13.23>	<Vector 5.76, -9.46, 26.25>	<Vector 3.09, -12.97, 34.33>	<Vector 9.80, -17.03, 51.21>	61.511	61.511	61.511	<Vector -14.82, 10.01, -6.00>	<Vector -16.49, 0.03, -10.49>	<Vector -14.30, -10.07, 6.23>	<Vector -14.57, -11.23, -0.05>	<Vector -16.18, 3.32, 1.66>	<Vector -11.67, -4.93, 14.69>	<Vector -14.34, -8.44, 22.77>	<Vector -7.63, -12.50, 39.65>	35.9612	35.9612	35.9612	42.0462	42.0462	42.0462	<Vector 1.19, 9.75, -7.50>	<Vector -0.48, -0.23, -11.98>	<Vector 1.71, -10.34, 4.74>	<Vector 1.44, -11.49, -1.55>	<Vector -0.17, 3.06, 0.17>	<Vector 4.34, -5.20, 13.19>	<Vector 1.67, -8.70, 21.28>	<Vector 8.38, -12.76, 38.15>	51.1027	51.1027	51.1027	34.8012	34.8012	34.8012	27.1509	27.1509	27.1509	11.0977	11.0977	11.0977	
('GLY', 'SER')	33.1339	33.1339	16.629	16.629	<Vector 3.34, -4.14, 21.42>	<Vector -3.93, -0.17, 3.40>	<Vector -9.27, 7.38, -11.71>	<Vector -10.94, -2.61, -16.19>	<Vector -8.75, -12.71, 0.53>	<Vector -9.01, -13.86, -5.76>	9.21048	9.21048	10.3107	10.3107	<Vector 5.50, -0.08, 19.21>	<Vector -1.77, 3.89, 1.19>	<Vector -7.11, 11.43, -13.92>	<Vector -8.78, 1.45, -18.40>	<Vector -6.59, -8.66, -1.68>	<Vector -6.85, -9.81, -7.97>	21.681	21.681	19.4692	19.4692	56.3301	56.3301	61.511	61.511	<Vector -7.11, 11.43, -13.92>	<Vector -8.78, 1.45, -18.40>	<Vector -6.59, -8.66, -1.68>	<Vector -6.85, -9.81, -7.97>	<Vector -8.47, 4.74, -6.25>	<Vector -3.95, -3.52, 6.77>	<Vector -6.62, -7.02, 14.86>	<Vector 0.09, -11.08, 31.73>	35.9612	35.9612	42.0462	42.0462	51.1027	51.1027	34.8012	34.8012	<Vector -5.31, 13.69, -26.31>	<Vector -6.98, 3.71, -30.80>	<Vector -4.79, -6.39, -14.08>	<Vector -5.05, -7.55, -20.36>	<Vector -6.67, 7.00, -18.65>	<Vector -2.15, -1.25, -5.62>	<Vector -4.83, -4.76, 2.46>	<Vector 1.89, -8.82, 19.33>	27.1509	27.1509	11.0977	11.0977	
('ARG', 'PRO')	45.5557	32.2975	32.4842	10.4471	14.259	11.5062	45.5557	10.4471	18.0677	32.2975	14.259	5.22216	18.0677	5.22216	12.1815	32.4842	11.5062	12.1815	10.4471	14.259	11.5062	10.4471	18.0677	16.002	56.0185	61.511	14.259	5.22216	20.7164	42.2812	48.0511	18.0677	5.22216	12.1815	11.5062	12.1815	4.99608	42.4292	47.9681	16.002	20.7164	4.99608	56.0185	42.2812	42.4292	61.511	48.0511	47.9681	
('VAL', 'TYR')	16.8872	20.1071	25.4352	26.231	12.8031	14.9213	20.514	21.487	10.4665	14.9231	19.2824	17.4586	16.8872	12.8031	10.4665	6.45057	13.8922	20.6732	17.4501	6.45057	5.91702	18.4064	13.5273	20.1071	14.9213	14.9231	5.91702	12.8392	19.6665	17.4913	13.8922	12.8392	10.6955	13.7745	20.6732	19.6665	6.27989	12.3173	25.4352	20.514	19.2824	18.4064	10.6955	6.27989	15.9066	26.231	21.487	17.4586	13.5273	13.7745	12.3173	7.04398	17.4501	17.4913	15.9066	7.04398	12.8392	19.6665	17.4913	13.3896	20.1577	17.5382	14.5057	21.7589	26.7508	41.4772	12.8392	10.6955	13.7745	19.6665	6.27989	12.3173	10.6955	6.27989	15.9066	17.5788	17.9077	19.4415	14.5039	19.0993	22.6902	35.2901	13.7745	12.3173	7.04398	11.4774	12.4004	14.9327	11.7177	16.4308	25.8496	38.5969	17.4913	15.9066	7.04398	13.3896	17.5788	11.4774	20.1577	17.9077	12.4004	17.5382	19.4415	14.9327	14.5057	14.5039	11.7177	21.7589	19.0993	16.4308	26.7508	22.6902	25.8496	41.4772	35.2901	38.5969	
('HIS', 'ARG')	7.30475	40.6735	34.8335	7.30475	40.6735	34.8335	
('LEU', 'ILE')	20.717	40.8754	5.64428	25.7704	7.3172	23.3245	20.717	5.64428	7.3172	7.26528	5.76987	11.7919	16.178	19.1214	12.5221	20.4821	7.26528	17.3402	5.76987	16.7154	11.7919	12.5276	16.178	9.62755	19.1214	5.78261	40.8754	25.7704	23.3245	17.3402	16.7154	12.5276	9.62755	5.78261	12.5136	10.0449	12.5221	12.5136	20.4821	10.0449	5.78261	20.2438	5.78261	12.5136	10.0449	15.8741	31.5976	37.8627	12.5136	18.5724	10.0449	18.8429	15.8741	21.2516	20.2438	18.5724	18.8429	21.2516	9.43698	15.7144	31.5976	9.43698	37.8627	15.7144	
('VAL', 'GLN')	29.0805	23.7096	21.0256	10.7875	29.0805	23.7096	21.0256	10.7875	16.3033	17.3258	8.03693	16.3033	17.3258	8.03693	16.3033	17.3258	8.03693	14.7255	18.6969	19.8107	16.4981	22.7725	31.0096	44.7646	16.3033	36.4629	17.3258	35.6245	8.03693	51.042	14.7255	42.3629	18.6969	38.6252	19.8107	37.1945	16.4981	36.7697	22.7725	32.447	31.0096	20.8127	44.7646	7.03085	36.4629	35.6245	51.042	42.3629	38.6252	37.1945	36.7697	32.447	20.8127	7.03085	
('THR', 'THR')	25.6184	16.4904	12.9157	16.3412	28.782	25.6184	16.1378	20.5307	22.5332	15.3638	16.4904	16.1378	7.40524	6.824	15.0404	12.9157	20.5307	7.40524	5.53902	22.4275	16.3412	22.5332	6.824	5.53902	20.6376	28.782	15.3638	15.0404	22.4275	20.6376	16.1378	20.5307	22.5332	15.3638	27.3582	33.1599	40.5643	16.1378	7.40524	6.824	15.0404	13.3184	18.8647	27.3034	20.5307	7.40524	5.53902	22.4275	12.6519	13.4424	22.5567	22.5332	6.824	5.53902	20.6376	11.4978	13.8286	23.2247	15.3638	15.0404	22.4275	20.6376	24.019	32.7724	40.0331	27.3582	13.3184	12.6519	11.4978	24.019	11.2064	16.1904	33.1599	18.8647	13.4424	13.8286	32.7724	11.2064	10.0712	40.5643	27.3034	22.5567	23.2247	40.0331	16.1904	10.0712	
('TYR', 'CYS')	18.4813	20.5925	13.3268	18.4813	20.5925	13.3268	
