('GLY', 'THR')	10.6569364068	16.6308840796	10.6569364068	16.6308840796	27.0612182926	29.5378501839	27.0612182926	29.5378501839	5.78017928506	18.6958817013	5.78017928506	5.15358235458	10.6911108803	18.2936483288	20.6082555021	5.15358235458	14.7141022916	10.6911108803	6.09022386878	18.6958817013	14.7141022916	6.09022386878	6.98083931051	6.09927540141	18.2936483288	6.98083931051	20.6082555021	6.09927540141	17.2995917851	6.56048033526	17.2995917851	6.56048033526	41.9925961157	40.6490267616	27.5437979226	41.9925961157	40.6490267616	27.5437979226	10.9228651561	10.9228651561	10.5483455032	16.762340274	10.5483455032	16.762340274	27.5109827775	29.2304686287	27.5109827775	29.2304686287	5.85370746537	18.6432681481	5.85370746537	5.21295593753	10.6615709222	17.9761679536	20.2493725734	5.21295593753	14.5299928917	10.6615709222	6.08551042175	18.6432681481	14.5299928917	6.08551042175	6.95539213327	5.97744634924	17.9761679536	6.95539213327	20.2493725734	5.97744634924	17.6377223557	6.92512492196	17.6377223557	6.92512492196	27.3738856101	27.3738856101	11.0727017031	11.0727017031	
('THR', 'HIS')	11.5236	6.84849	11.5236	6.84849	12.87	12.87	53.9019	52.1795	39.1394	5.19695	53.9019	52.1795	39.1394	5.19695	11.2722	6.60554	11.2722	6.60554	13.0139	13.0139	
('TRP', 'LEU')	10.0565	16.1132	18.4088	22.2068	32.9439	35.4174	10.0565	16.1132	18.4088	22.2068	32.9439	35.4174	21.1587	10.7733	5.1281	21.1587	10.7733	5.1281	6.99428	9.81551	6.99428	9.81551	5.81999	5.81999	6.40869	6.40869	5.68328	5.68328	10.057	16.5599	18.7976	22.5988	33.1891	35.7169	10.057	16.5599	18.7976	22.5988	33.1891	35.7169	21.3087	10.7856	5.35935	21.3087	10.7856	5.35935	7.01667	9.79782	7.01667	9.79782	5.99898	5.99898	6.56698	6.56698	5.69187	5.69187	
('LEU', 'ARG')	33.6732	23.7402	15.2252	9.68308	5.46357	33.6732	23.7402	15.2252	9.68308	5.46357	16.3396	21.2254	16.3396	21.2254	34.1342	24.1044	15.2848	10.1166	5.68969	34.1342	24.1044	15.2848	10.1166	5.68969	15.6878	20.7223	15.6878	20.7223	
('TRP', 'GLY')	23.5547976049	23.5547976049	30.3646008551	26.0626230411	18.1616472246	11.2944026746	9.90312129034	30.3646008551	26.0626230411	18.1616472246	11.2944026746	9.90312129034	18.9878156045	10.0458882944	18.9878156045	10.0458882944	8.83250935365	8.83250935365	23.9563573983	23.9563573983	30.3220791748	25.9164368676	18.2276215283	11.2969538029	10.0110553402	30.3220791748	25.9164368676	18.2276215283	11.2969538029	10.0110553402	19.5492064767	10.3766763832	19.5492064767	10.3766763832	8.7195497535	8.7195497535	
('ILE', 'HIS')	26.3434	17.0484	26.3434	17.0484	7.12312	7.12312	33.5968	33.2993	28.1865	23.6887	5.98328	33.5968	33.2993	28.1865	23.6887	5.98328	26.1758	16.7507	26.1758	16.7507	7.80231	7.80231	
('THR', 'CYS')	6.97601	47.1556	6.97601	11.9385	11.9385	32.3228	47.1556	32.3228	11.0207	11.0207	33.0889	32.2848	20.3629	33.0889	32.2848	20.3629	21.7868	21.7868	6.93247	46.7915	6.93247	11.8911	11.8911	32.2005	46.7915	32.2005	11.1691	11.1691	20.2807	20.2807	21.7754	21.7754	
('GLN', 'ALA')	9.68909	10.3317	9.68909	34.6929	10.3317	33.6057	34.6929	33.6057	4.2014	4.2014	7.68496	25.3714	36.1634	41.3805	7.68496	25.3714	36.1634	41.3805	9.60621	10.5141	9.60621	34.2466	10.5141	32.9551	34.2466	32.9551	
('PHE', 'HIS')	42.148	31.3709	20.7198	15.1324	42.148	31.3709	20.7198	15.1324	10.0561	10.0561	25.1788	9.2709	7.54634	25.1788	9.2709	7.54634	41.9435	30.8223	20.4582	14.8958	41.9435	30.8223	20.4582	14.8958	10.0793	10.0793	
('VAL', 'ASP')	7.16429	7.16429	6.57795	6.57795	7.07983	7.07983	6.37858	6.37858	
('ASN', 'ARG')	34.7607	34.7607	34.9815	34.9815	
('GLU', 'ILE')	23.0818	31.0399	23.0818	31.0399	16.6039	31.6871	5.57039	17.0699	16.6039	5.57039	15.8728	31.6871	17.0699	5.06711	15.8728	5.06711	6.21295	6.21295	12.8356	15.4315	19.5182	25.3735	42.4102	10.6669	10.7672	15.8933	21.2615	39.9868	12.8356	10.6669	15.4315	10.7672	19.5182	15.8933	25.3735	21.2615	42.4102	39.9868	22.9669	30.9685	22.9669	30.9685	16.5844	31.5446	5.57624	16.8426	16.5844	5.57624	15.9689	31.5446	16.8426	5.14999	15.9689	5.14999	6.6477	6.6477	12.7393	14.966	18.9846	24.79	41.7182	10.8136	10.769	15.7356	21.1765	39.926	12.7393	10.8136	14.966	10.769	18.9846	15.7356	24.79	21.1765	41.7182	39.926	
('TRP', 'ARG')	14.3147	14.3147	20.9733	20.9733	14.5605	14.5605	20.6451	20.6451	
('ILE', 'VAL')	20.4106	22.2871	10.9975	15.4945	20.4106	10.9975	22.2871	15.4945	10.8248	18.8805	10.8248	18.8805	11.0484	10.3065	20.785	22.0816	23.8034	11.0484	6.63886	10.3065	5.76777	6.63886	5.76777	6.02965	9.58854	10.7103	20.785	6.02965	22.0816	9.58854	23.8034	10.7103	5.43603	12.6974	5.43603	12.6974	9.57008	10.7135	15.247	20.4534	37.53	5.40526	7.49636	10.3591	15.432	31.6142	9.57008	5.40526	5.63954	25.7922	10.7135	7.49636	7.10141	24.4188	5.63954	7.10141	5.37718	9.7551	25.3768	15.247	10.3591	5.37718	19.7432	20.4534	15.432	9.7551	14.3983	25.7922	24.4188	19.7432	14.3983	6.30696	37.53	31.6142	25.3768	6.30696	20.5662	22.1748	11.0732	15.3458	20.5662	11.0732	22.1748	15.3458	10.722	18.519	10.722	18.519	11.0997	10.1708	20.527	22.1368	23.8162	11.0997	6.27446	10.1708	5.90864	6.27446	5.90864	5.95227	9.75468	10.8257	20.527	5.95227	22.1368	9.75468	23.8162	10.8257	5.26763	12.5546	5.26763	12.5546	9.93964	10.8279	15.232	20.546	37.6084	5.43028	7.42112	10.1425	15.363	31.5513	9.93964	5.43028	5.64118	25.2404	10.8279	7.42112	7.14982	24.0767	5.64118	7.14982	5.40462	9.70881	25.2024	15.232	10.1425	5.40462	19.4659	20.546	15.363	9.70881	14.1812	25.2404	24.0767	19.4659	14.1812	6.3515	37.6084	31.5513	25.2024	6.3515	
('PRO', 'GLN')	7.11091	45.0978	7.11091	27.0769	27.0769	15.905	45.0978	15.905	36.9626	36.9626	6.96992	44.8869	6.96992	27.3571	27.3571	15.4119	44.8869	15.4119	
('SER', 'MET')	5.32578	10.641	16.1241	5.32578	10.641	16.1241	5.38991	10.9226	16.2921	5.38991	10.9226	16.2921	
('GLN', 'LEU')	7.03018	15.754	16.5392	21.1908	31.9787	33.676	7.03018	35.6525	15.754	27.3392	16.5392	25.5587	21.1908	21.4691	31.9787	10.5393	33.676	9.60474	35.6525	27.3392	25.5587	21.4691	10.5393	9.60474	28.0812	33.0606	28.0812	33.0606	6.83344	15.9231	16.7857	21.5761	32.192	33.9226	6.83344	35.5402	15.9231	26.7693	16.7857	25.1972	21.5761	20.9126	32.192	10.1195	33.9226	9.41849	35.5402	26.7693	25.1972	20.9126	10.1195	9.41849	
('LEU', 'TYR')	5.47738	29.781	5.47738	6.01749	6.43129	10.8435	21.6239	23.7142	6.01749	21.6568	6.43129	19.8341	10.8435	16.0065	21.6239	5.66654	23.7142	5.1909	29.781	21.6568	19.8341	16.0065	5.66654	5.1909	7.05201	7.05201	7.39336	5.6479	9.67388	15.8453	7.39336	5.6479	9.67388	15.8453	36.2327	25.9505	16.9889	12.3182	9.22751	36.2327	25.9505	16.9889	12.3182	9.22751	10.6889	17.0089	7.34136	12.123	10.6889	7.34136	17.0089	12.123	5.55476	29.8809	5.55476	5.87869	6.43317	10.945	21.5543	23.6528	5.87869	21.3504	6.43317	19.6729	10.945	15.7025	21.5543	5.52583	23.6528	5.14397	29.8809	21.3504	19.6729	15.7025	5.52583	5.14397	6.97658	6.97658	7.65412	6.22005	9.95746	16.0525	7.65412	6.22005	9.95746	16.0525	36.6696	26.2919	16.9805	12.7233	9.43925	36.6696	26.2919	16.9805	12.7233	9.43925	10.6045	16.9277	7.2824	11.8566	10.6045	7.2824	16.9277	11.8566	
('PRO', 'TYR')	14.8034	39.0871	14.8034	16.8849	16.8849	10.2779	39.0871	10.2779	5.79962	5.79962	42.2184	42.2184	5.37927	10.807	5.37927	10.807	15.2688	39.0815	15.2688	16.9868	16.9868	10.067	39.0815	10.067	5.34897	5.34897	42.3173	42.3173	5.34045	10.712	5.34045	10.712	
('PRO', 'TRP')	5.49378	5.49378	27.5683	27.5683	26.9043	26.9043	7.41825	7.41825	5.40578	5.40578	27.9058	27.9058	26.8386	26.8386	7.24409	7.24409	
('GLU', 'ASN')	31.9998	31.9998	7.07394	15.5101	33.1814	7.07394	15.5101	33.1814	5.47042	5.47042	32.2087	32.2087	7.23418	15.6244	33.2832	7.23418	15.6244	33.2832	5.48914	5.48914	
('GLU', 'SER')	8.89071	8.89071	21.9032	9.36792	21.9032	9.36792	10.3043	10.3043	9.01749	9.01749	21.9575	9.37718	21.9575	9.37718	10.3136	10.3136	
('MET', 'HIS')	39.0317	31.7521	25.5353	39.0317	31.7521	25.5353	4.96809	16.1175	4.96809	16.1175	37.4494	31.7071	37.4494	31.7071	39.2419	31.3097	25.1169	39.2419	31.3097	25.1169	5.32419	16.4378	5.32419	16.4378	
('GLU', 'THR')	36.6345	42.7337	36.6345	42.7337	9.44096	20.8167	37.8308	9.44096	9.60542	9.60542	5.85295	24.2665	20.8167	5.85295	37.8308	24.2665	15.6108	15.6108	9.56111	10.7133	6.63927	11.2129	9.56111	6.63927	6.69961	42.3644	10.7133	11.2129	7.20318	40.9006	6.69961	7.20318	42.3644	40.9006	36.6727	42.9869	36.6727	42.9869	9.52599	20.7631	37.7736	9.52599	9.52703	9.52703	6.03309	24.4215	20.7631	6.03309	37.7736	24.4215	15.6663	15.6663	6.3825	41.9006	7.21779	41.0468	6.3825	7.21779	41.9006	41.0468	
('CYS', 'ARG')	36.8245	36.8245	8.94796	8.94796	18.722	18.722	37.0592	37.0592	8.62062	8.62062	18.4466	18.4466	
('LYS', 'ARG')	11.3985	6.45414	11.3985	6.45414	6.53893	6.53893	
('MET', 'ASN')	23.3762	15.3683	11.7046	23.3762	15.3683	11.7046	20.3582	12.856	20.3582	12.856	6.42153	18.6188	6.42153	18.6188	24.1971	15.4637	12.043	24.1971	15.4637	12.043	20.5655	12.7239	20.5655	12.7239	6.72369	19.2127	6.72369	19.2127	
('LEU', 'ASP')	16.0338	10.0183	10.5778	6.04078	16.0338	10.0183	10.5778	6.04078	5.44216	5.44216	15.9124	9.74877	10.2235	5.85039	15.9124	9.74877	10.2235	5.85039	5.33669	5.33669	
('PHE', 'CYS')	7.64755	48.9334	7.64755	9.20513	11.4232	9.20513	36.699	11.4232	35.6118	48.9334	36.699	35.6118	13.0673	13.0673	5.66886	5.66886	15.8748	19.6049	15.8748	19.6049	7.62566	48.7563	7.62566	9.22509	11.4315	9.22509	36.4941	11.4315	35.4156	48.7563	36.4941	35.4156	13.4215	13.4215	5.47245	5.47245	15.5501	19.3724	15.5501	19.3724	
('GLU', 'LEU')	11.3276	19.7456	21.0124	25.4834	36.2874	38.1259	11.3276	19.7456	21.0124	25.4834	36.2874	38.1259	5.09966	15.7726	32.0896	5.09966	11.2729	19.0079	23.6541	27.7792	11.2729	6.24435	21.9738	15.7726	6.24435	5.26399	10.5179	14.7988	19.0079	5.26399	15.3155	23.6541	10.5179	10.604	27.7792	14.7988	5.60455	32.0896	21.9738	15.3155	10.604	5.60455	22.3901	22.3901	23.7336	28.74	21.0385	25.963	23.7336	21.0385	28.74	25.963	10.986	19.7667	21.0142	25.6024	36.2463	38.118	10.986	19.7667	21.0142	25.6024	36.2463	38.118	5.13515	16.0941	32.442	5.13515	11.3116	19.1008	23.3267	27.7136	11.3116	6.51083	22.1713	16.0941	6.51083	5.36113	10.2356	14.692	19.1008	5.36113	15.3425	23.3267	10.2356	10.8942	27.7136	14.692	5.72222	32.442	22.1713	15.3425	10.8942	5.72222	22.6854	22.6854	22.9831	28.0598	20.8376	25.9097	22.9831	20.8376	28.0598	25.9097	
('GLN', 'MET')	5.06621	12.9666	20.3432	5.06621	37.565	12.9666	29.7818	20.3432	23.1832	37.565	29.7818	23.1832	15.8588	20.7852	15.8588	20.7852	4.97639	13.1748	20.69	4.97639	37.6822	13.1748	29.2895	20.69	22.6602	37.6822	29.2895	22.6602	
('CYS', 'ASN')	5.26224	5.26224	42.0256	42.0256	25.1546	25.1546	5.28784	5.28784	41.8312	41.8312	25.7896	25.7896	
('TRP', 'TYR')	12.1845	37.3144	12.1845	37.3144	15.5199	15.5199	5.40318	14.3473	5.40318	14.3473	12.755	37.4085	12.755	37.4085	15.7971	15.7971	5.1659	14.0443	5.1659	14.0443	
('LYS', 'PRO')	35.7939	30.4828	35.7939	30.4828	29.7384	29.7384	
('TYR', 'ASP')	14.7735	14.7735	14.9062	14.9062	
('CYS', 'TYR')	38.9418	38.9418	5.43206	5.43206	7.86999	17.6138	7.86999	17.6138	39.1074	39.1074	5.00968	5.00968	7.54364	17.2502	7.54364	17.2502	
('TRP', 'PHE')	7.285	14.6605	25.7835	31.5674	7.285	14.6605	25.7835	31.5674	28.5435	15.8757	15.6161	28.5435	15.8757	15.6161	7.33272	7.33272	5.97606	5.97606	11.6083	15.317	11.6083	15.317	7.29253	15.0107	25.8948	31.6742	7.29253	15.0107	25.8948	31.6742	28.5217	15.8017	15.4826	28.5217	15.8017	15.4826	7.32007	7.32007	6.11356	6.11356	11.3013	15.1548	11.3013	15.1548	
('GLN', 'GLY')	21.7831960159	21.7831960159	20.3863902422	20.3863902422	38.4459512353	38.4459512353	22.083117331	22.083117331	19.9834808774	19.9834808774	
('GLY', 'GLY')	4.67926461802	4.67926461802	6.15232262494	12.850630478	21.9788335709	23.512854653	6.15232262494	9.35851529847	16.5950844966	18.7594107905	12.850630478	9.35851529847	10.8286560792	10.9925629558	21.9788335709	16.5950844966	10.8286560792	5.18076995859	23.512854653	18.7594107905	10.9925629558	5.18076995859	11.1972757247	11.1972757247	4.69772002011	4.69772002011	6.17208193907	12.8917281761	21.8458067209	23.3410911789	6.17208193907	9.177154978	16.3801572414	18.4392916834	12.8917281761	9.177154978	10.7103477564	10.7607065692	21.8458067209	16.3801572414	10.7103477564	5.13963752215	23.3410911789	18.4392916834	10.7607065692	5.13963752215	11.2050342699	11.2050342699	
('LEU', 'VAL')	31.4132	33.6906	22.8478	26.6547	21.0897	23.9493	16.7079	20.8565	6.26888	11.0532	7.41444	6.69506	31.4132	22.8478	21.0897	16.7079	6.26888	7.41444	33.6906	26.6547	23.9493	20.8565	11.0532	6.69506	14.9673	22.3568	9.84834	16.1958	6.53181	15.6614	7.24081	12.5648	14.9673	9.84834	6.53181	7.24081	5.75082	5.75082	5.51059	22.3568	16.1958	15.6614	12.5648	5.51059	26.3766	26.5186	37.0148	38.2093	39.8074	16.1079	16.1955	26.6892	28.2451	29.8514	7.21725	10.1406	19.3328	20.942	21.042	5.43481	7.15744	14.8381	15.6133	15.578	26.3766	16.1079	7.21725	5.43481	7.31353	26.5186	16.1955	10.1406	7.15744	5.26889	7.31353	5.26889	10.5357	10.49	11.5667	37.0148	26.6892	19.3328	14.8381	10.5357	38.2093	28.2451	20.942	15.6133	10.49	39.8074	29.8514	21.042	15.578	11.5667	12.823	5.87435	12.823	5.87435	19.2767	24.2281	13.4508	18.3709	6.68778	11.6266	19.2767	13.4508	6.68778	14.5103	24.2281	18.3709	11.6266	9.7408	14.5103	9.7408	31.6463	33.79	22.6717	26.2265	21.1684	23.7027	16.6339	20.568	6.3866	10.8853	7.56122	6.50422	31.6463	22.6717	21.1684	16.6339	6.3866	7.56122	33.79	26.2265	23.7027	20.568	10.8853	6.50422	14.9662	22.1338	9.74693	15.8336	6.23341	15.3293	7.21363	12.2057	14.9662	9.74693	6.23341	7.21363	5.69099	5.69099	5.68062	22.1338	15.8336	15.3293	12.2057	5.68062	26.7382	26.6368	37.0172	38.5157	40.049	16.3694	16.1678	26.5383	28.4181	30.011	7.28559	10.126	18.9879	20.8738	20.9051	5.50096	7.30361	14.7948	15.8511	15.8195	26.7382	16.3694	7.28559	5.50096	6.99487	26.6368	16.1678	10.126	7.30361	5.30088	6.99487	5.30088	10.2382	10.5361	11.5769	37.0172	26.5383	18.9879	14.7948	10.2382	38.5157	28.4181	20.8738	15.8511	10.5361	40.049	30.011	20.9051	15.8195	11.5769	12.9167	6.03534	12.9167	6.03534	19.2188	24.2788	13.1944	18.2011	6.44841	11.4286	19.2188	13.1944	6.44841	14.448	24.2788	18.2011	11.4286	9.67139	14.448	9.67139	
('MET', 'GLY')	17.5678311484	9.85629235765	7.44117555164	17.5678311484	9.85629235765	7.44117555164	5.93797749208	6.07057169644	5.93797749208	6.07057169644	9.13248053934	21.0205637854	9.13248053934	5.10679750805	5.10679750805	10.3881605681	21.0205637854	10.3881605681	25.5160396751	20.0230921539	25.5160396751	20.0230921539	18.214189983	9.81289944167	7.74661450832	18.214189983	9.81289944167	7.74661450832	6.39086023456	5.29006563877	6.39086023456	5.29006563877	9.86856577687	21.6876089458	9.86856577687	4.9460814281	4.9460814281	10.745483385	21.6876089458	10.745483385	25.4760170385	19.9606977551	25.4760170385	19.9606977551	
('GLN', 'SER')	6.92707	6.92707	38.9474	38.9474	7.19278	7.19278	38.6441	38.6441	
('ASN', 'HIS')	16.5892	16.5892	5.28366	5.28366	16.1873	16.1873	5.4079	5.4079	
('LYS', 'GLY')	37.9876814442	32.343958206	37.9876814442	32.343958206	31.836038001	31.836038001	
('CYS', 'TRP')	23.9319	23.9319	20.9363	20.9363	10.8947	10.8947	4.92421	4.92421	23.9339	23.9339	20.8008	20.8008	11.0804	11.0804	4.8622	4.8622	
('LYS', 'LEU')	27.4853	32.4506	21.9021	26.855	27.4853	21.9021	32.4506	26.855	21.2859	26.3323	21.2859	26.3323	
('GLN', 'THR')	32.0959	38.1705	32.0959	11.1376	38.1705	7.46641	11.1376	7.46641	7.49627	4.93502	7.49627	4.93502	10.9837	46.5863	10.9837	46.5863	32.4014	38.6979	32.4014	10.7732	38.6979	7.08753	10.7732	7.08753	
('ASN', 'VAL')	11.095	12.959	11.095	12.959	12.8875	21.1582	5.9155	15.2621	12.8875	5.9155	21.1582	15.2621	26.3241	27.2396	37.631	39.4953	40.8394	26.3241	27.2396	37.631	39.4953	40.8394	10.5641	16.3106	10.5641	16.3106	10.994	12.6167	10.994	12.6167	12.8512	21.0713	5.8247	14.8612	12.8512	5.8247	21.0713	14.8612	26.5159	27.1402	37.404	39.5629	40.8601	26.5159	27.1402	37.404	39.5629	40.8601	10.6884	16.7491	10.6884	16.7491	
('THR', 'ASP')	19.2831	19.2831	19.424	19.424	
('ILE', 'ILE')	10.9526	10.9526	15.7408	15.7408	5.48548	6.97347	13.1356	30.6489	5.48548	5.58647	10.5009	29.8141	6.97347	5.58647	6.31576	25.1642	13.1356	10.5009	6.31576	20.2807	30.6489	29.8141	25.1642	20.2807	10.9956	10.9956	15.645	15.645	5.23644	6.62666	12.7243	30.3228	5.23644	5.36655	10.4077	29.6448	6.62666	5.36655	6.16883	25.053	12.7243	10.4077	6.16883	20.1991	30.3228	29.6448	25.053	20.1991	
('ILE', 'ARG')	17.6954	6.74555	17.6954	6.74555	5.82282	6.58468	10.9432	16.7677	35.6867	5.82282	6.58468	10.9432	16.7677	35.6867	17.9121	6.79029	17.9121	6.79029	5.4268	6.33754	10.4843	16.3385	35.1489	5.4268	6.33754	10.4843	16.3385	35.1489	
('GLN', 'CYS')	31.0559	31.0559	
('GLU', 'VAL')	41.9659	44.7962	41.9659	44.7962	25.7605	26.6999	37.1008	38.1076	39.0534	10.9426	12.7457	22.8328	24.7867	25.587	25.7605	10.9426	9.73261	26.6999	12.7457	6.13933	9.73261	6.13933	5.65883	6.47902	9.49879	37.1008	22.8328	5.65883	38.1076	24.7867	6.47902	39.0534	25.587	9.49879	10.1218	18.6571	10.1218	18.6571	6.30487	10.9696	17.1934	37.9639	5.27527	9.69555	15.1938	34.9148	6.30487	5.27527	10.9696	9.69555	17.1934	15.1938	37.9639	34.9148	41.9769	44.5778	41.9769	44.5778	25.88	26.5695	36.8069	38.0972	38.9817	11.0103	12.6086	22.4882	24.7535	25.5078	25.88	11.0103	9.54376	26.5695	12.6086	6.29555	9.54376	6.29555	5.29669	6.48608	9.53254	36.8069	22.4882	5.29669	38.0972	24.7535	6.48608	38.9817	25.5078	9.53254	10.1068	18.7327	10.1068	18.7327	5.45621	10.2519	16.6923	37.0772	5.45448	9.80236	15.3277	34.6331	5.45621	5.45448	10.2519	9.80236	16.6923	15.3277	37.0772	34.6331	
('ASN', 'ASN')	9.70211	9.70211	9.80233	9.80233	
('PHE', 'THR')	30.8356	36.6577	20.7412	26.7087	10.9033	16.0585	7.08589	10.8106	30.8356	20.7412	10.9033	7.08589	36.6577	26.7087	16.0585	10.8106	23.0	27.1677	23.0	27.1677	5.07243	17.4038	5.07243	10.4719	12.6419	10.4719	5.81292	12.6419	7.20455	17.4038	5.81292	7.20455	5.35971	5.35971	29.3983	45.1774	49.5694	27.9178	43.1646	47.3257	15.6831	30.2726	34.7657	29.3983	27.9178	15.6831	22.8077	45.1774	43.1646	30.2726	6.11909	49.5694	47.3257	34.7657	5.04323	22.8077	6.11909	5.04323	30.9598	37.0166	20.5942	26.7328	10.8489	16.2282	6.95067	10.9515	30.9598	20.5942	10.8489	6.95067	37.0166	26.7328	16.2282	10.9515	23.3382	27.268	23.3382	27.268	5.51252	17.3336	5.51252	10.3135	12.4788	10.3135	5.75601	12.4788	7.07256	17.3336	5.75601	7.07256	5.27867	5.27867	15.6146	30.1118	34.7787	15.6146	23.0578	30.1118	6.39471	34.7787	5.15286	23.0578	6.39471	5.15286	
('SER', 'THR')	30.0401	36.1514	30.0401	36.1514	27.9238	14.434	27.9238	14.434	30.2722	36.5484	30.2722	36.5484	27.8195	14.5527	27.8195	14.5527	
('PRO', 'CYS')	5.02395	47.5456	5.02395	47.5456	8.00208	8.00208	4.83958	47.2928	4.83958	47.2928	7.76247	7.76247	
('PHE', 'SER')	5.37924	5.37924	10.0568	21.2752	27.1435	10.0568	21.2752	27.1435	29.4183	17.7778	15.8849	29.4183	17.7778	15.8849	5.40797	5.40797	10.2683	21.2317	27.0905	10.2683	21.2317	27.0905	29.504	17.8361	15.9438	29.504	17.8361	15.9438	
('CYS', 'GLU')	5.48202	17.7763	35.9084	5.48202	40.8677	17.7763	26.5951	35.9084	11.402	40.8677	26.5951	11.402	26.37	26.37	26.3035	22.43	26.3035	22.43	5.64662	17.9065	36.038	5.64662	40.6543	17.9065	26.2951	36.038	11.1383	40.6543	26.2951	11.1383	26.6294	26.6294	25.6648	22.5366	25.6648	22.5366	
('TRP', 'ILE')	20.0536	27.9695	20.0536	27.9695	6.10199	6.10199	10.9334	10.9334	10.9412	10.9412	16.32	15.0711	11.3685	7.83377	16.32	15.0711	11.3685	7.83377	15.2644	15.2644	20.2107	28.2046	20.2107	28.2046	5.95832	5.95832	10.8675	10.8675	10.8219	10.8219	16.1521	15.124	11.363	8.03286	16.1521	15.124	11.363	8.03286	15.0728	15.0728	
('LEU', 'ASN')	20.9751	14.4387	11.0751	8.95858	20.9751	14.4387	11.0751	8.95858	7.22517	6.31398	7.22517	6.31398	5.38959	10.3174	5.38959	6.40024	6.40965	10.9428	16.803	6.40024	6.86028	6.40965	5.25426	10.3174	6.86028	5.25426	5.22552	11.034	10.9428	5.22552	16.803	11.034	5.40508	11.3418	20.4678	25.6361	29.561	5.40508	11.3418	20.4678	25.6361	29.561	20.9748	20.9748	21.4405	14.4012	11.2395	9.23405	21.4405	14.4012	11.2395	9.23405	7.34987	6.19516	7.34987	6.19516	5.36271	10.4061	5.36271	6.5063	6.69854	10.9748	16.727	6.5063	6.79429	6.69854	5.37372	10.4061	6.79429	5.37372	5.00095	10.7667	10.9748	5.00095	16.727	10.7667	5.34055	11.2473	20.641	25.4008	29.5507	5.34055	11.2473	20.641	25.4008	29.5507	21.638	21.638	
('PRO', 'SER')	6.792	6.792	23.3941	23.3941	29.2501	29.2501	6.87856	6.87856	23.555	23.555	29.2703	29.2703	
('LEU', 'THR')	25.8806	31.7613	18.3242	24.6752	15.6746	21.7833	12.1655	18.5691	5.25818	9.60822	25.8806	18.3242	15.6746	12.1655	5.25818	5.01989	5.01989	6.04208	31.7613	24.6752	21.7833	18.5691	9.60822	6.04208	4.70354	9.49343	10.5346	13.9559	21.0475	4.70354	9.49343	10.5346	13.9559	21.0475	6.66288	15.921	25.7271	30.6319	34.2744	6.66288	10.8467	10.8467	5.22977	10.3725	15.728	20.1711	15.921	5.22977	25.7271	10.3725	30.6319	15.728	34.2744	20.1711	9.39617	9.39617	31.465	36.4465	30.2243	35.2362	17.1571	22.1507	31.465	30.2243	17.1571	20.2004	36.4465	35.2362	22.1507	15.8676	20.2004	15.8676	26.1146	32.2625	18.1115	24.6065	15.7203	22.0023	12.2442	18.7433	5.5055	9.78859	26.1146	18.1115	15.7203	12.2442	5.5055	5.00427	5.00427	6.25967	32.2625	24.6065	22.0023	18.7433	9.78859	6.25967	5.13769	9.93989	10.9923	14.3419	21.1407	5.13769	9.93989	10.9923	14.3419	21.1407	6.38471	15.647	25.7344	30.2308	34.1184	6.38471	10.9288	10.9288	5.35752	10.584	15.5352	20.1908	15.647	5.35752	25.7344	10.584	30.2308	15.5352	34.1184	20.1908	9.49339	9.49339	16.8611	21.923	16.8611	20.5196	21.923	15.9225	20.5196	15.9225	
('ILE', 'ASN')	10.5478	5.21237	10.5478	5.21237	7.68485	7.68485	5.2883	5.2883	17.5101	32.1003	17.5101	32.1003	5.68306	5.68306	11.0033	5.36927	11.0033	5.36927	7.60107	7.60107	5.25533	5.25533	17.5191	32.005	17.5191	32.005	6.22816	6.22816	
('ILE', 'ASP')	12.4841	12.4841	12.2439	12.2439	
('TRP', 'HIS')	44.9669	44.9669	15.2171	15.2171	19.6024	19.6024	44.9079	44.9079	15.4835	15.4835	
('GLU', 'TYR')	14.7807	40.5381	14.7807	40.5381	35.6321	21.2611	7.07851	35.6321	21.2611	7.07851	32.952	40.3889	29.8316	38.0132	32.952	29.8316	40.3889	38.0132	14.9142	40.3391	14.9142	40.3391	35.7498	21.3111	7.41919	35.7498	21.3111	7.41919	32.0756	39.5824	29.6559	37.7364	32.0756	29.6559	39.5824	37.7364	
('PHE', 'LEU')	5.3864	15.0584	15.334	20.3683	30.5	31.6312	5.3864	9.34283	18.3358	23.8819	9.34283	5.24414	7.16029	9.85407	19.1689	21.5389	15.0584	5.24414	11.1772	16.358	15.334	7.16029	9.30531	14.2498	20.3683	9.85407	7.51162	11.2233	18.3358	11.1772	9.30531	7.51162	9.20403	10.5237	23.8819	16.358	14.2498	11.2233	5.33857	5.35061	30.5	19.1689	9.20403	5.33857	31.6312	21.5389	10.5237	5.35061	20.4802	24.8397	15.0154	18.8325	13.1381	16.847	10.6599	15.2041	5.53444	6.17295	20.4802	15.0154	13.1381	10.6599	5.53444	24.8397	18.8325	16.847	15.2041	6.17295	7.56799	17.9392	27.3126	31.9199	35.6095	7.56799	6.13512	6.21397	6.13512	5.77257	15.4389	20.3524	24.0608	6.21397	5.24168	14.8334	18.8276	22.1268	17.9392	5.77257	5.24168	27.3126	15.4389	14.8334	31.9199	20.3524	18.8276	35.6095	24.0608	22.1268	10.765	10.765	5.16536	8.77614	5.16536	14.3594	19.2294	8.77614	10.211	15.1777	14.3594	10.211	19.2294	15.1777	5.53899	15.1153	15.3689	20.5485	30.531	31.7144	5.53899	9.69887	18.4713	24.0375	9.69887	5.24731	7.11827	9.59599	18.9022	21.3923	15.1153	5.24731	10.8874	16.0185	15.3689	7.11827	9.0619	14.0622	20.5485	9.59599	7.16205	10.8626	18.4713	10.8874	9.0619	7.16205	9.15022	10.5554	24.0375	16.0185	14.0622	10.8626	5.12923	5.43817	30.531	18.9022	9.15022	5.12923	31.7144	21.3923	10.5554	5.43817	20.5544	24.7096	14.9434	18.5401	13.0	16.4775	10.6092	14.9553	5.53329	6.16342	20.5544	14.9434	13.0	10.6092	5.53329	24.7096	18.5401	16.4775	14.9553	6.16342	7.39172	17.9315	27.4422	31.6242	35.6002	7.39172	6.35643	6.43203	6.35643	5.69777	15.602	20.1155	24.0586	6.43203	5.14663	14.9614	18.5616	22.128	17.9315	5.69777	5.14663	27.4422	15.602	14.9614	31.6242	20.1155	18.5616	35.6002	24.0586	22.128	10.9185	10.9185	5.21506	8.85274	5.21506	14.4303	19.4332	8.85274	9.99648	15.1173	14.4303	9.99648	19.4332	15.1173	
('ALA', 'ALA')	5.26585	5.26585	7.38715	7.38715	10.9149	23.0204	10.9149	12.759	23.0204	12.759	9.50615	16.6225	20.4053	22.1532	23.5175	9.50615	10.8993	12.694	15.6393	15.3582	16.6225	10.8993	6.97258	5.78199	8.69424	20.4053	12.694	6.97258	7.84745	7.20135	22.1532	15.6393	5.78199	7.84745	5.29567	23.5175	15.3582	8.69424	7.20135	5.29567	8.98944	28.8328	40.0501	45.2107	8.98944	21.1689	33.7165	38.6693	28.8328	21.1689	14.6003	19.0439	40.0501	33.7165	14.6003	5.3896	45.2107	38.6693	19.0439	5.3896	5.42623	5.42623	7.44356	7.44356	10.9399	23.226	10.9399	12.9169	23.226	12.9169	9.85801	16.6325	20.3745	21.999	23.4839	9.85801	10.4166	12.4241	14.9312	14.7875	16.6325	10.4166	7.00343	5.58553	8.47222	20.3745	12.4241	7.00343	7.82584	6.82769	21.999	14.9312	5.58553	7.82584	5.19946	23.4839	14.7875	8.47222	6.82769	5.19946	14.4961	18.7948	14.4961	5.41129	18.7948	5.41129	
('GLN', 'VAL')	37.5315	40.3626	37.5315	5.93995	40.3626	5.15557	5.93995	5.15557	11.369	15.9137	21.7075	42.4971	11.369	15.9137	21.7075	42.4971	37.8036	40.4019	37.8036	5.56236	40.4019	5.18849	5.56236	5.18849	
('ALA', 'ARG')	26.3794	15.522	5.49678	26.3794	15.522	5.49678	16.8879	10.4045	16.8879	10.4045	12.7163	25.1436	30.2903	12.7163	25.1436	30.2903	26.8642	15.9788	5.68867	26.8642	15.9788	5.68867	12.4826	24.5312	29.6433	12.4826	24.5312	29.6433	
('GLU', 'GLN')	4.68678	46.4058	4.68678	46.4058	5.18813	10.4884	5.18813	10.4884	4.39323	45.9914	4.39323	45.9914	
('GLU', 'PHE')	7.85217	18.3186	28.9867	34.7021	7.85217	18.3186	28.9867	34.7021	8.84795	22.859	39.5869	8.84795	7.56015	7.22697	7.56015	10.4147	27.6433	7.22697	10.6954	26.0492	22.859	10.4147	10.6954	39.5869	27.6433	26.0492	14.5423	14.5423	21.7374	36.6877	40.9855	18.968	34.9888	39.4278	21.7374	18.968	36.6877	34.9888	40.9855	39.4278	7.76879	18.413	28.7986	34.5254	7.76879	18.413	28.7986	34.5254	8.81905	23.0013	39.7215	8.81905	7.67747	7.24792	7.67747	10.5122	27.7505	7.24792	10.7598	26.1416	23.0013	10.5122	10.7598	39.7215	27.7505	26.1416	14.4746	14.4746	21.0545	35.9945	40.4196	18.9706	34.9033	39.5172	21.0545	18.9706	35.9945	34.9033	40.4196	39.5172	
('PHE', 'MET')	6.76298	10.4392	18.5487	6.76298	10.3949	20.543	26.1115	10.4392	5.36215	12.2671	17.8607	10.3949	5.36215	6.43095	18.5487	6.43095	6.85134	12.0368	20.543	12.2671	6.85134	26.1115	17.8607	12.0368	5.38748	5.38748	7.8133	7.8133	6.11684	6.11684	6.25592	6.25592	12.5796	28.9713	33.2517	6.57598	23.1644	27.2467	12.5796	6.57598	28.9713	23.1644	33.2517	27.2467	6.71495	10.6707	18.6535	6.71495	10.7746	20.8552	26.4566	10.6707	5.40099	12.0143	17.6281	10.7746	5.40099	6.25999	18.6535	6.25999	6.582	11.7237	20.8552	12.0143	6.582	26.4566	17.6281	11.7237	5.34833	5.34833	7.82325	7.82325	6.02963	6.02963	6.61379	6.61379	12.4189	28.7979	33.1906	6.45315	23.001	27.2205	12.4189	6.45315	28.7979	23.001	33.1906	27.2205	
('TRP', 'ASN')	29.3798	29.3798	21.1968	21.1968	15.9426	15.9426	29.9343	29.9343	21.1489	21.1489	16.4106	16.4106	
('ALA', 'TYR')	6.95295	28.6675	5.16623	27.7504	6.95295	5.16623	28.6675	27.7504	10.7372	12.4617	10.7372	12.4617	29.099	18.6434	6.25668	29.099	18.6434	6.25668	41.4202	48.7218	34.3053	42.5936	13.8303	22.7513	41.4202	34.3053	13.8303	5.01421	5.92108	5.01421	9.61306	5.92108	7.03946	48.7218	42.5936	22.7513	9.61306	7.03946	7.08416	28.4305	5.18845	27.3658	7.08416	5.18845	28.4305	27.3658	10.6953	12.6883	10.6953	12.6883	29.5174	19.0272	6.41459	29.5174	19.0272	6.41459	13.5676	22.4325	13.5676	5.07239	5.86197	5.07239	9.57693	5.86197	7.16572	22.4325	9.57693	7.16572	
('ASN', 'ASP')	15.5644	9.60466	15.5644	9.60466	15.4336	9.21904	15.4336	9.21904	
('MET', 'VAL')	32.9914	36.2068	25.851	27.8428	19.3796	22.7228	32.9914	25.851	19.3796	36.2068	27.8428	22.7228	9.83337	9.83337	5.1866	5.1866	7.10287	10.5622	7.10287	11.0525	10.5622	5.18594	11.0525	5.18594	5.74241	10.2077	5.74241	5.32496	9.66378	28.6271	5.32496	5.46664	10.2077	5.46664	5.32458	22.9558	9.66378	5.32458	28.6271	22.9558	33.5534	36.5686	25.7113	27.5317	19.3805	22.3644	33.5534	25.7113	19.3805	36.5686	27.5317	22.3644	10.1292	10.1292	5.09794	5.09794	6.87238	10.4402	6.87238	11.1745	10.4402	5.16081	11.1745	5.16081	5.68001	10.3847	5.68001	5.20315	9.70847	28.3188	5.20315	5.58468	10.3847	5.58468	5.3459	22.6333	9.70847	5.3459	28.3188	22.6333	
('LEU', 'GLY')	15.3712951444	8.97225749499	5.28693240461	4.84709610775	15.3712951444	8.97225749499	5.28693240461	4.84709610775	10.910429023	12.0135397251	10.910429023	12.0135397251	24.3948531191	26.3078107997	18.7759575915	20.7440104592	17.1451148382	20.2466352853	14.2713849033	15.8923167011	7.94868031131	11.2229317652	24.3948531191	18.7759575915	17.1451148382	14.2713849033	7.94868031131	26.3078107997	20.7440104592	20.2466352853	15.8923167011	11.2229317652	10.8380370473	20.2574458169	29.0056089298	34.1165733447	38.2207229663	5.61373766125	15.6166167539	24.6193071392	29.3017068273	33.1550006082	10.8380370473	5.61373766125	7.32236768928	11.9466986521	14.8944389193	7.32236768928	9.36397912856	16.2453605155	21.5212453605	25.9954576714	20.2574458169	15.6166167539	9.36397912856	4.96538450766	7.57238379957	11.9466986521	4.96538450766	9.91583143065	13.2349643146	16.632979872	14.8944389193	7.57238379957	6.46033760209	10.8895916073	15.586593469	29.0056089298	24.6193071392	16.2453605155	9.91583143065	6.46033760209	34.1165733447	29.3017068273	21.5212453605	13.2349643146	10.8895916073	38.2207229663	33.1550006082	25.9954576714	16.632979872	15.586593469	24.2378290155	14.8373753156	24.2378290155	14.8373753156	10.5290208551	5.57152814054	10.5290208551	5.57152814054	15.6816932895	8.6986046484	5.30056520684	4.9554655266	15.6816932895	8.6986046484	5.30056520684	4.9554655266	10.8930075817	12.0056602328	10.8930075817	12.0056602328	24.6647043923	25.7083979673	18.9182867623	20.0107480142	17.042832697	19.4396310327	14.5035625162	15.2203283978	8.12419217884	10.7586396677	24.6647043923	18.9182867623	17.042832697	14.5035625162	8.12419217884	25.7083979673	20.0107480142	19.4396310327	15.2203283978	10.7586396677	10.5686410211	20.1767078455	29.1692980262	33.8717540404	38.2133492869	5.30076831812	15.4835420172	24.6658838782	28.9444313763	33.0692609258	10.5686410211	5.30076831812	7.3396462972	11.9711619936	14.8099679338	7.3396462972	9.47680821853	16.3896582145	21.2453642388	25.9607692396	20.1767078455	15.4835420172	9.47680821853	4.94844627768	7.56948708097	11.9711619936	4.94844627768	10.2369129112	13.1611315273	16.7725425818	14.8099679338	7.56948708097	6.76302223406	10.7839517397	15.6606348008	29.1692980262	24.6658838782	16.3896582145	10.2369129112	6.76302223406	33.8717540404	28.9444313763	21.2453642388	13.1611315273	10.7839517397	38.2133492869	33.0692609258	25.9607692396	16.7725425818	15.6606348008	25.0098765463	15.2192881532	25.0098765463	15.2192881532	10.6615166884	5.55782794233	10.6615166884	5.55782794233	
('PRO', 'ILE')	21.2697	30.5126	21.2697	9.68005	9.68005	5.32517	30.5126	5.32517	6.48424	6.48424	23.5337	37.8164	23.5337	37.8164	20.1448	18.2515	13.6185	7.89576	20.1448	18.2515	13.6185	7.89576	12.8685	12.8685	21.3323	30.6225	21.3323	9.86305	9.86305	5.24717	30.6225	5.24717	6.50214	6.50214	23.5117	37.6719	23.5117	37.6719	19.427	17.8288	13.2117	7.58945	19.427	17.8288	13.2117	7.58945	12.9964	12.9964	
('LEU', 'LEU')	11.0097	10.3679	15.6863	25.9197	27.017	11.0097	5.41596	6.25821	16.9275	20.2902	10.3679	5.41596	5.86258	15.6768	17.2919	15.6863	6.25821	5.86258	11.0257	14.6301	25.9197	16.9275	15.6768	11.0257	6.97873	27.017	20.2902	17.2919	14.6301	6.97873	6.20912	9.52118	10.4345	18.8016	6.20912	5.68108	5.14282	12.809	9.52118	5.68108	7.2175	10.8306	10.4345	5.14282	7.2175	9.76281	18.8016	12.809	10.8306	9.76281	10.4448	20.3447	24.8039	28.2827	10.4448	10.8941	15.138	18.4301	20.3447	10.8941	5.78667	10.8701	24.8039	15.138	5.78667	5.5296	28.2827	18.4301	10.8701	5.5296	5.01852	5.01852	10.9397	10.4803	15.973	26.1203	27.3063	10.9397	5.28776	6.06259	16.7537	20.0833	10.4803	5.28776	6.32066	15.7654	17.2478	15.973	6.06259	6.32066	10.8692	14.636	26.1203	16.7537	15.7654	10.8692	7.1409	27.3063	20.0833	17.2478	14.636	7.1409	6.36724	9.82804	10.5056	18.705	6.36724	5.79116	5.0967	12.5659	9.82804	5.79116	7.19001	10.4367	10.5056	5.0967	7.19001	9.58547	18.705	12.5659	10.4367	9.58547	10.6031	20.6984	24.7563	28.5164	10.6031	11.2537	15.0782	18.5615	20.6984	11.2537	5.47386	10.7312	24.7563	15.0782	5.47386	5.6442	28.5164	18.5615	10.7312	5.6442	5.12225	5.12225	
('ALA', 'HIS')	36.9599	35.5344	36.9599	35.5344	5.2274	10.22	18.4574	20.6146	24.091	24.8899	5.2274	10.22	18.4574	20.6146	24.091	24.8899	53.9988	48.0362	28.3114	14.6659	10.9792	53.9988	48.0362	28.3114	14.6659	10.9792	36.547	34.8656	36.547	34.8656	5.46038	11.1266	18.6409	20.6851	24.1047	24.9627	5.46038	11.1266	18.6409	20.6851	24.1047	24.9627	
('PHE', 'ALA')	6.13371	9.46014	6.13371	6.29377	16.7962	22.6754	9.46014	5.52497	16.3975	22.1097	6.29377	5.52497	16.7962	16.3975	22.6754	22.1097	10.0019	12.6307	5.59063	11.4519	10.0019	5.59063	12.6307	11.4519	15.3479	25.6451	37.7704	7.4034	14.8582	25.671	5.45928	12.5433	24.6167	15.3479	7.4034	5.45928	25.6451	14.8582	12.5433	37.7704	25.671	24.6167	10.3916	5.29021	10.3916	5.29021	9.3658	10.5809	14.7237	15.3955	9.3658	10.5809	14.7237	15.3955	30.2199	45.0658	49.4349	23.2739	39.2863	43.5548	5.41132	20.5985	24.8442	30.2199	23.2739	5.41132	10.6674	15.4381	10.6674	6.27626	10.2953	15.4381	5.31999	6.45975	45.0658	39.2863	20.5985	6.27626	5.31999	49.4349	43.5548	24.8442	10.2953	6.45975	6.10973	9.71138	6.10973	6.43532	16.6269	22.4967	9.71138	5.5968	16.1068	21.7585	6.43532	5.5968	16.6269	16.1068	22.4967	21.7585	10.2236	12.7644	5.74638	11.4107	10.2236	5.74638	12.7644	11.4107	14.9764	25.3555	37.7018	7.27064	14.6096	25.6033	5.36037	12.3031	24.5498	14.9764	7.27064	5.36037	25.3555	14.6096	12.3031	37.7018	25.6033	24.5498	10.2693	5.42272	10.2693	5.42272	9.4572	10.6294	14.6286	15.2231	9.4572	10.6294	14.6286	15.2231	5.28989	20.4367	24.7963	5.28989	10.6625	15.3	10.6625	6.15464	10.4131	15.3	5.18531	6.53198	20.4367	6.15464	5.18531	24.7963	10.4131	6.53198	
('LYS', 'HIS')	49.9065	44.1762	49.9065	44.1762	
('LYS', 'TYR')	36.9015	44.4562	31.7081	38.7695	36.9015	31.7081	44.4562	38.7695	31.1067	38.0476	31.1067	38.0476	
('VAL', 'VAL')	7.40287	7.40287	10.802	10.802	5.43004	12.6109	15.2231	15.493	5.43004	10.5025	12.5625	14.6079	12.6109	10.5025	5.35039	7.78759	15.2231	12.5625	5.35039	5.28525	15.493	14.6079	7.78759	5.28525	10.0939	10.0939	6.14097	12.8427	32.9874	6.14097	6.87265	27.2138	12.8427	6.87265	20.825	32.9874	27.2138	20.825	7.32273	7.32273	10.8173	10.8173	5.39831	12.143	15.0028	15.2735	5.39831	10.382	12.7251	14.7993	12.143	10.382	5.37402	7.84659	15.0028	12.7251	5.37402	5.28637	15.2735	14.7993	7.84659	5.28637	9.85326	9.85326	6.33956	13.0388	32.842	6.33956	6.83563	26.9232	13.0388	6.83563	20.4667	32.842	26.9232	20.4667	
('LYS', 'GLU')	6.74379	7.54066	6.74379	5.20303	5.20303	5.42297	7.54066	5.42297	5.39868	5.39868	5.6108	5.6108	
('LYS', 'PHE')	25.9067	41.2682	45.844	20.7687	35.5513	40.2335	25.9067	20.7687	41.2682	35.5513	45.844	40.2335	20.3891	34.9725	39.8114	20.3891	34.9725	39.8114	
('LEU', 'ALA')	5.16126	7.32332	5.16126	10.0143	10.8307	15.2714	25.0209	26.5829	7.32332	6.70914	9.84875	12.8857	23.3679	26.1927	10.0143	6.70914	10.8307	9.84875	15.2714	12.8857	25.0209	23.3679	26.5829	26.1927	12.5398	15.3944	6.51147	10.3648	5.6306	9.68539	5.40126	5.624	12.5398	6.51147	5.6306	5.40126	6.49919	15.3944	10.3648	9.68539	5.624	7.38334	6.49919	7.38334	9.28627	18.6035	30.5339	9.28627	7.19795	12.5746	16.995	21.2606	7.19795	9.7348	20.4409	18.6035	9.7348	5.28897	6.60688	10.3919	12.5746	5.28897	10.8751	16.995	6.60688	6.24643	21.2606	10.3919	5.41797	30.5339	20.4409	10.8751	6.24643	5.41797	18.8389	10.7481	5.3485	18.8389	10.7481	5.3485	5.35654	5.97667	4.75599	5.35654	5.97667	4.75599	32.0063	37.0087	25.6799	30.6543	7.49685	11.1949	32.0063	25.6799	7.49685	9.19132	14.3892	37.0087	30.6543	11.1949	5.77786	10.3819	9.19132	5.77786	14.3892	10.3819	5.2442	7.30196	5.2442	9.93907	10.6395	15.1851	24.8799	26.5057	7.30196	6.56797	9.70854	12.5924	23.0559	25.9872	9.93907	6.56797	10.6395	9.70854	15.1851	12.5924	24.8799	23.0559	26.5057	25.9872	12.288	15.3046	6.15778	10.1808	5.0662	9.50645	5.32973	5.45753	12.288	6.15778	5.0662	5.32973	6.64583	15.3046	10.1808	9.50645	5.45753	7.37114	6.64583	7.37114	9.14219	18.5586	30.6977	9.14219	7.38591	12.9577	16.9999	21.5097	7.38591	9.68106	20.5348	18.5586	9.68106	5.32338	6.5441	10.6068	12.9577	5.32338	10.6652	16.9999	6.5441	6.47448	21.5097	10.6068	5.39435	30.6977	20.5348	10.6652	6.47448	5.39435	18.9893	10.3988	5.23983	18.9893	10.3988	5.23983	5.387	5.66775	4.51462	5.387	5.66775	4.51462	7.41375	11.2809	7.41375	9.20382	14.3727	11.2809	5.57754	10.2321	9.20382	5.57754	14.3727	10.2321	
('GLN', 'PHE')	5.48603	14.7128	24.8545	30.4486	5.48603	40.1639	14.7128	29.0007	24.8545	17.9649	30.4486	12.1329	40.1639	29.0007	17.9649	12.1329	26.5501	41.06	45.5068	26.5501	41.06	45.5068	5.45889	14.9431	24.8683	30.4992	5.45889	39.8621	14.9431	28.4228	24.8683	17.6902	30.4992	11.8715	39.8621	28.4228	17.6902	11.8715	
('PRO', 'ASP')	18.7237	18.7237	18.4581	18.4581	
('PHE', 'ILE')	16.3822	25.6306	5.99799	15.097	16.3822	5.99799	6.0269	11.8467	6.0269	7.48474	25.6306	15.097	7.48474	7.54634	11.8467	7.54634	15.7173	20.9169	15.7173	20.9169	23.7696	39.2893	11.9418	26.7409	10.3229	26.0078	23.7696	11.9418	10.3229	39.2893	26.7409	26.0078	9.49068	9.49068	10.8155	25.0405	29.8035	9.68268	25.2428	29.846	7.21176	20.3289	25.2259	10.8155	9.68268	7.21176	7.19698	21.1608	7.19698	16.7982	21.373	25.0405	25.2428	20.3289	16.7982	7.32823	21.1608	7.32823	5.33084	29.8035	29.846	25.2259	21.373	5.33084	16.3356	25.6425	5.80714	14.7766	16.3356	5.80714	5.99822	11.8365	5.99822	7.22828	25.6425	14.7766	7.22828	7.26151	11.8365	7.26151	15.6972	20.6788	15.6972	20.6788	23.8134	39.228	11.9651	26.6381	10.303	25.8832	23.8134	11.9651	10.303	39.228	26.6381	25.8832	9.37845	9.37845	10.6354	24.7344	29.6641	9.55564	25.0693	29.8031	7.04305	20.2745	25.2654	10.6354	9.55564	7.04305	7.21233	21.1483	7.21233	16.7198	21.4069	24.7344	25.0693	20.2745	16.7198	7.35118	21.1483	7.35118	5.33926	29.6641	29.8031	25.2654	21.4069	5.33926	
('PHE', 'ARG')	40.9725	29.302	27.5346	40.9725	29.302	27.5346	15.2523	30.4827	35.2051	15.2523	30.4827	35.2051	41.1862	29.5272	27.7651	41.1862	29.5272	27.7651	14.8135	29.9056	34.7794	14.8135	29.9056	34.7794	
('MET', 'THR')	27.7904	34.0164	20.4939	26.269	15.5587	21.5397	27.7904	20.4939	15.5587	34.0164	26.269	21.5397	23.915	23.915	9.89603	9.89603	5.91125	5.91125	17.1285	22.9941	16.662	21.7711	7.23367	10.442	17.1285	16.662	7.23367	34.9893	22.9941	21.7711	10.442	29.2408	34.9893	29.2408	28.4316	34.8614	20.3372	26.3678	15.6537	21.6776	28.4316	20.3372	15.6537	34.8614	26.3678	21.6776	24.3745	24.3745	9.91639	9.91639	5.86709	5.86709	7.18972	10.4406	7.18972	35.076	10.4406	29.3378	35.076	29.3378	
('GLU', 'HIS')	47.9775	47.9775	7.2619	7.2619	45.6626	43.5264	45.6626	43.5264	47.6432	47.6432	7.54182	7.54182	
('GLU', 'ARG')	32.9891	19.6276	5.26301	32.9891	19.6276	5.26301	9.82811	5.53718	9.82811	5.53718	33.1477	19.7393	5.39981	33.1477	19.7393	5.39981	9.7157	5.82675	9.7157	5.82675	
('ARG', 'TYR')	5.15431	5.15431	25.8623	33.3162	25.8623	33.3162	5.19859	5.19859	25.2257	32.571	25.2257	32.571	
('PRO', 'PRO')	29.8341	29.8341	30.08	30.08	
('TRP', 'ALA')	10.0058	9.67412	10.0058	9.67412	15.0944	7.50742	15.0944	7.50742	10.3305	10.3305	13.2489	6.07283	13.2489	6.07283	5.65461	9.30569	9.85157	10.3361	5.65461	9.30569	9.85157	10.3361	36.1452	29.2374	9.66382	36.1452	29.2374	9.66382	5.33765	9.58565	5.33765	9.58565	10.1363	10.1638	10.1363	10.1638	15.2969	7.50245	15.2969	7.50245	10.3866	10.3866	13.2372	5.53939	13.2372	5.53939	5.49767	9.37044	9.63366	10.3771	5.49767	9.37044	9.63366	10.3771	9.76979	9.76979	5.16225	9.25836	5.16225	9.25836	
('ASP', 'GLY')	9.80121156965	11.2071542146	9.80121156965	11.2071542146	10.1747762415	10.7116586455	10.1747762415	10.7116586455	
('PHE', 'TYR')	10.1656	34.1819	10.1656	6.78791	15.0535	20.4235	6.78791	23.0165	15.0535	11.9078	20.4235	6.08998	34.1819	23.0165	11.9078	6.08998	16.843	21.6382	16.843	21.6382	43.5997	31.2968	30.2835	43.5997	31.2968	30.2835	11.2231	19.8086	11.2231	9.57562	12.338	9.57562	5.33136	19.8086	5.33136	6.99747	12.338	6.99747	10.5014	34.0683	10.5014	7.08156	14.8999	20.2358	7.08156	22.671	14.8999	11.8307	20.2358	6.00283	34.0683	22.671	11.8307	6.00283	17.2656	21.8799	17.2656	21.8799	43.8	31.4862	30.4782	43.8	31.4862	30.4782	11.0347	19.6784	11.0347	9.3992	12.3511	9.3992	5.42688	19.6784	5.42688	7.26154	12.3511	7.26154	
('PRO', 'HIS')	47.2159	18.3155	47.2159	18.3155	16.2636	16.2636	47.0787	17.8596	47.0787	17.8596	
('PRO', 'LEU')	10.875	19.1101	20.4674	24.9676	35.2634	36.9029	10.875	21.1532	19.1101	11.767	20.4674	11.4539	24.9676	6.85621	21.1532	11.767	11.4539	6.85621	5.94839	10.632	35.2634	5.94839	36.9029	10.632	5.3339	9.87932	10.8967	12.855	20.872	5.3339	9.87932	10.8967	12.855	20.872	9.88597	17.4311	25.7047	31.0902	35.3453	9.88597	17.4311	25.7047	31.0902	35.3453	9.29106	5.25022	9.29106	5.25022	10.9623	19.4175	20.6496	25.2376	35.3954	37.078	10.9623	21.4636	19.4175	11.8024	20.6496	11.6801	25.2376	6.68785	21.4636	11.8024	11.6801	6.68785	5.79734	10.677	35.3954	5.79734	37.078	10.677	5.20946	9.85554	11.0013	12.8096	20.6044	5.20946	9.85554	11.0013	12.8096	20.6044	9.69853	17.3421	25.7789	30.7734	35.2731	9.69853	17.3421	25.7789	30.7734	35.2731	9.08838	5.27201	9.08838	5.27201	
('ARG', 'MET')	5.17455	9.74367	5.17455	9.74367	5.42372	9.52016	5.42372	9.52016	
('PRO', 'ARG')	40.45	40.45	24.4307	24.4307	40.5999	40.5999	23.6421	23.6421	
('ILE', 'GLY')	5.79141595646	5.79141595646	6.16664444754	6.16664444754	19.6606289305	21.5990970122	19.6606289305	21.5990970122	26.340246803	41.288683316	21.4276075968	36.837696171	14.8302218055	29.0031311167	6.01354012132	21.0913479191	7.40753539146	19.586700552	26.340246803	21.4276075968	14.8302218055	6.01354012132	7.40753539146	41.288683316	36.837696171	29.0031311167	21.0913479191	19.586700552	8.70602175159	8.70602175159	7.37154116157	7.37154116157	21.7511229988	21.1643295929	16.0297008304	11.6993440713	21.7511229988	21.1643295929	16.0297008304	11.6993440713	9.81267886816	9.81267886816	6.21114891664	6.21114891664	5.9915415091	5.9915415091	19.8253816162	20.922403745	19.8253816162	20.922403745	26.3428081607	41.1833990573	21.3560575828	36.645941745	14.8635367778	28.9381230101	5.99970920866	21.0910019764	7.27616798416	19.5823678528	26.3428081607	21.3560575828	14.8635367778	5.99970920866	7.27616798416	41.1833990573	36.645941745	28.9381230101	21.0910019764	19.5823678528	9.62596432687	9.62596432687	7.63651350943	7.63651350943	21.4030427039	21.0700253111	16.0378114088	11.7300659059	21.4030427039	21.0700253111	16.0378114088	11.7300659059	9.77003674653	9.77003674653	
('SER', 'ILE')	15.4976	24.2363	15.4976	24.2363	5.90942	5.90942	10.8146	10.8146	15.4839	24.3347	15.4839	24.3347	5.92953	5.92953	10.6405	10.6405	
('MET', 'MET')	9.51079	15.575	9.51079	9.7044	15.575	9.7044	12.3626	12.3626	6.13445	6.13445	10.002	16.164	10.002	9.6726	16.164	9.6726	12.6296	12.6296	6.06583	6.06583	
('GLY', 'ASN')	5.83098094934	5.83098094934	23.3071376758	26.0180812333	15.1261106639	17.7468040664	23.3071376758	15.1261106639	26.0180812333	17.7468040664	9.47593391413	7.18946103685	9.47593391413	7.18946103685	5.82882828118	14.18563575	15.7358507536	5.82882828118	14.18563575	15.7358507536	4.40114328055	4.40114328055	9.98115816564	9.98115816564	5.99631873737	5.99631873737	23.4994542228	25.4209580109	15.1456278679	16.9490167424	23.4994542228	15.1456278679	25.4209580109	16.9490167424	9.46138836546	7.09676486242	9.46138836546	7.09676486242	6.04651178322	14.0244673835	15.5496576875	6.04651178322	14.0244673835	15.5496576875	4.83314023034	4.83314023034	9.8936628225	9.8936628225	
('GLN', 'ARG')	13.4088	13.4088	
('ALA', 'LYS')	6.63634	10.748	6.63634	4.98082	23.6704	36.0095	41.1667	4.98082	6.9914	10.748	6.9914	18.9463	30.4923	35.7437	23.6704	18.9463	36.0095	30.4923	41.1667	35.7437	18.7913	29.8686	35.1073	18.7913	29.8686	35.1073	
('ALA', 'VAL')	30.9284	33.0874	29.3762	32.6585	30.9284	29.3762	33.0874	32.6585	5.34262	10.4774	5.34262	5.21772	5.21772	10.1207	10.4774	10.1207	19.4655	20.5709	30.7985	31.6821	32.4083	10.3055	10.7373	20.3559	20.8419	21.574	19.4655	10.3055	5.31713	20.5709	10.7373	7.11213	5.31713	7.11213	9.72519	11.2833	10.5018	30.7985	20.3559	9.72519	31.6821	20.8419	11.2833	32.4083	21.574	10.5018	6.27546	15.1251	6.27546	5.30889	10.8621	15.1348	16.1281	17.4053	5.30889	6.63423	15.1251	6.63423	7.34522	6.19161	11.0565	10.2204	10.8621	7.34522	15.1348	6.19161	16.1281	11.0565	17.4053	10.2204	14.3222	19.5023	25.5902	46.3601	7.2752	13.1788	19.4752	39.5641	14.3222	7.2752	15.3171	26.8017	31.7133	19.5023	13.1788	10.8232	20.8152	25.8343	25.5902	19.4752	7.19401	14.5853	19.8305	15.3171	10.8232	7.19401	18.9147	26.8017	20.8152	14.5853	7.58242	46.3601	39.5641	18.9147	7.58242	5.2789	31.7133	25.8343	19.8305	5.2789	30.8529	32.8049	29.1035	32.2151	30.8529	29.1035	32.8049	32.2151	5.29986	10.7118	5.29986	5.33147	5.33147	9.92014	10.7118	9.92014	19.8447	20.7098	30.7767	31.9734	32.6698	10.452	10.7949	20.2657	21.0949	21.8076	19.8447	10.452	5.02287	20.7098	10.7949	7.30159	5.02287	7.30159	9.55453	11.3982	10.6054	30.7767	20.2657	9.55453	31.9734	21.0949	11.3982	32.6698	21.8076	10.6054	6.28746	15.0054	6.28746	5.08668	10.8508	15.0532	15.9749	17.3633	5.08668	6.35855	15.0054	6.35855	7.23427	6.22334	10.8814	10.0576	10.8508	7.23427	15.0532	6.22334	15.9749	10.8814	17.3633	10.0576	15.5119	26.8001	31.6536	10.9128	20.6458	25.6388	7.25242	14.3	19.5085	15.5119	10.9128	7.25242	18.5649	26.8001	20.6458	14.3	7.56924	18.5649	7.56924	5.23305	31.6536	25.6388	19.5085	5.23305	
('GLN', 'ASN')	27.5015	27.5015	15.0991	15.0991	27.9581	27.9581	14.6633	14.6633	
('GLU', 'GLY')	26.2456214389	26.2456214389	11.2089891763	24.4161998573	42.1807712735	6.03974480722	20.2526626133	37.2558991952	11.2089891763	6.03974480722	4.96524188316	11.3964772731	12.9276884631	4.96524188316	11.9429840037	30.2113097905	11.3964772731	7.28832753454	20.9904291397	12.9276884631	5.2284503919	20.4213831772	24.4161998573	20.2526626133	11.9429840037	7.28832753454	5.2284503919	42.1807712735	37.2558991952	30.2113097905	20.9904291397	20.4213831772	5.0655298032	5.0655298032	10.6748443773	10.6748443773	34.1335920576	31.5220055534	34.1335920576	31.5220055534	26.3055574966	26.3055574966	11.3449013739	24.5349071191	42.2805945548	6.04052858365	20.273837435	37.284114928	11.3449013739	6.04052858365	4.81389457644	11.2692178642	12.6561752375	4.81389457644	12.1176383654	30.3408047643	11.2692178642	7.46763489132	21.1851584511	12.6561752375	5.3271591542	20.6050311076	24.5349071191	20.273837435	12.1176383654	7.46763489132	5.3271591542	42.2805945548	37.284114928	30.3408047643	21.1851584511	20.6050311076	5.18989776126	5.18989776126	10.6152943725	10.6152943725	33.4933153122	31.4568426273	33.4933153122	31.4568426273	
('VAL', 'ARG')	10.1524	9.02549	10.1524	9.02549	7.39331	6.44413	6.13494	7.39331	6.44413	6.13494	7.25574	7.25574	7.51271	10.946	30.4964	7.51271	10.946	30.4964	10.0292	9.34462	10.0292	9.34462	7.06491	6.31973	5.92003	7.06491	6.31973	5.92003	7.3696	7.3696	7.06573	10.6035	29.7952	7.06573	10.6035	29.7952	
('VAL', 'HIS')	6.18638	7.57023	6.18638	7.57023	9.45162	15.2435	9.45162	15.2435	41.2573	35.1991	28.6352	10.2166	41.2573	35.1991	28.6352	10.2166	5.77251	7.79096	5.77251	7.79096	9.64847	15.3232	9.64847	15.3232	
('GLU', 'MET')	9.08982	17.1524	24.1889	9.08982	17.1524	24.1889	9.56222	20.2653	9.56222	20.2653	11.2289	15.8703	6.57903	12.6026	11.2289	6.57903	15.8703	12.6026	8.60725	17.1842	24.3214	8.60725	17.1842	24.3214	9.69668	20.4998	9.69668	20.4998	10.5986	15.2376	6.81001	12.7639	10.5986	6.81001	15.2376	12.7639	
('MET', 'CYS')	19.0866	6.93315	19.0866	6.93315	15.9722	10.5611	15.9722	10.5611	19.3452	6.93809	19.3452	6.93809	15.9975	10.5288	15.9975	10.5288	
('LYS', 'TRP')	31.8322	26.5981	31.8322	26.5981	26.2827	26.2827	
('THR', 'ARG')	39.6034	25.1466	39.6034	25.1466	15.5027	15.564	5.53699	15.5027	15.564	5.53699	36.267	36.267	39.6751	25.4008	39.6751	25.4008	5.23829	5.23829	35.916	35.916	
('ALA', 'GLY')	15.330025703	14.5664701824	15.330025703	14.5664701824	13.5018102978	16.0940837624	9.31468447945	11.4268067977	13.5018102978	9.31468447945	16.0940837624	11.4268067977	17.6715032393	28.2346130001	39.7437880552	12.6124696128	23.0862732652	35.1645354649	6.25923904292	16.0799531026	27.0758462375	17.6715032393	12.6124696128	6.25923904292	5.62392596388	6.28796786099	5.62392596388	6.77086152523	19.2158581628	6.28796786099	5.58726078421	16.8481814136	28.2346130001	23.0862732652	16.0799531026	6.77086152523	5.58726078421	39.7437880552	35.1645354649	27.0758462375	19.2158581628	16.8481814136	7.25843423665	13.6997786951	22.8658512636	25.2998236746	28.3747397134	28.9467329928	7.25843423665	5.82201193949	5.82201193949	7.14815172993	12.2902895449	15.3395088906	18.0375846677	19.5405112468	13.6997786951	7.14815172993	22.8658512636	12.2902895449	25.2998236746	15.3395088906	28.3747397134	18.0375846677	28.9467329928	19.5405112468	42.4305192127	36.176770674	16.4012991861	5.18956071532	42.4305192127	36.176770674	16.4012991861	5.18956071532	6.90471311499	6.90471311499	15.3702697026	14.412106545	15.3702697026	14.412106545	13.9400670341	15.7742293982	9.70076464384	10.9193267226	13.9400670341	9.70076464384	15.7742293982	10.9193267226	17.4054414997	27.9854153766	39.6829486148	12.2284446437	22.749468019	35.0085090109	5.86314654842	15.7652523794	27.0086342703	17.4054414997	12.2284446437	5.86314654842	5.83863571829	6.34379642534	5.83863571829	6.74208671664	19.3365185003	6.34379642534	5.39213670743	16.9567267683	27.9854153766	22.749468019	15.7652523794	6.74208671664	5.39213670743	39.6829486148	35.0085090109	27.0086342703	19.3365185003	16.9567267683	7.26637552336	14.9743950351	23.2569287395	25.8458406736	28.6468386306	29.5084005057	7.26637552336	5.92624822557	5.92624822557	7.69146396833	12.6662516043	15.404270969	18.2166455331	19.6425737607	14.9743950351	7.69146396833	23.2569287395	12.6662516043	25.8458406736	15.404270969	28.6468386306	18.2166455331	29.5084005057	19.6425737607	16.3525429918	5.15996858307	16.3525429918	5.15996858307	6.83931491086	6.83931491086	
('GLN', 'HIS')	43.4911	5.15914	43.4911	5.15914	49.9646	49.9646	43.4332	5.07684	43.4332	5.07684	
('TYR', 'ASN')	17.5	17.5	9.75484	9.75484	5.44161	5.44161	6.14654	6.14654	36.6407	36.6407	17.6111	17.6111	9.57263	9.57263	5.33866	5.33866	6.64876	6.64876	36.8264	36.8264	
('TYR', 'HIS')	33.2062	9.63598	33.2062	9.63598	15.6747	5.62854	15.6747	5.62854	32.7522	9.51902	32.7522	9.51902	
('ARG', 'HIS')	38.8427	38.8427	
('GLY', 'VAL')	16.096752716	18.6630089342	16.096752716	18.6630089342	10.7827861885	14.3093415778	7.0747559167	8.22429371163	10.7827861885	7.0747559167	14.3093415778	8.22429371163	35.3534526197	36.3661234022	46.8203548954	48.3681534979	49.5479510324	31.0843679179	31.6786510161	42.1723667431	43.296783304	44.5844911286	22.8115453709	24.3994184167	34.698191063	36.2955470436	37.0505931743	15.8534074772	15.8416937142	26.1304396601	26.8178171839	28.0924052841	13.5212215101	15.2226351902	25.0748679231	26.063323788	26.4271147686	35.3534526197	31.0843679179	22.8115453709	15.8534074772	13.5212215101	36.3661234022	31.6786510161	24.3994184167	15.8416937142	15.2226351902	46.8203548954	42.1723667431	34.698191063	26.1304396601	25.0748679231	48.3681534979	43.296783304	36.2955470436	26.8178171839	26.063323788	49.5479510324	44.5844911286	37.0505931743	28.0924052841	26.4271147686	12.7152036884	19.5722984736	5.20878930202	10.6734415777	12.7152036884	5.20878930202	19.5722984736	10.6734415777	29.6356324983	23.6921918804	16.9759549567	29.6356324983	23.6921918804	16.9759549567	5.28283038726	5.28283038726	16.0352140248	18.4353356588	16.0352140248	18.4353356588	10.9546394962	13.828628754	7.32457908726	7.62526130834	10.9546394962	7.32457908726	13.828628754	7.62526130834	35.5417074101	36.2572104562	46.5781064622	48.4242305362	49.5586712376	31.1423651996	31.4801529321	41.8399978176	43.2730188756	44.4998524166	23.0434756797	24.3691933773	34.4965769492	36.3473828841	37.0329260725	16.0652661367	15.7897764469	25.9548135828	26.9721292948	28.251804105	13.8013891663	15.2260992903	24.9136349894	26.1895929708	26.5619493161	35.5417074101	31.1423651996	23.0434756797	16.0652661367	13.8013891663	36.2572104562	31.4801529321	24.3691933773	15.7897764469	15.2260992903	46.5781064622	41.8399978176	34.4965769492	25.9548135828	24.9136349894	48.4242305362	43.2730188756	36.3473828841	26.9721292948	26.1895929708	49.5586712376	44.4998524166	37.0329260725	28.251804105	26.5619493161	13.018213659	20.1607309262	5.59431112803	10.6313156713	13.018213659	5.59431112803	20.1607309262	10.6313156713	29.7086204749	23.5732541608	16.8253144771	29.7086204749	23.5732541608	16.8253144771	5.28070354287	5.28070354287	
('MET', 'LEU')	5.13961	10.7936	12.3017	16.4296	27.3225	29.5638	5.13961	6.14197	14.8334	6.14197	7.57463	5.56411	10.898	20.2782	21.2207	10.7936	7.57463	5.42633	12.3017	5.56411	7.20515	14.8334	5.42633	7.20515	5.36267	13.1573	16.6926	16.4296	10.898	5.36267	27.3225	20.2782	13.1573	29.5638	21.2207	16.6926	20.5759	14.8467	14.9383	10.1578	7.01046	20.5759	14.8467	14.9383	10.1578	7.01046	15.6712	7.29595	15.6712	7.29595	15.195	20.0195	10.1067	14.7141	15.195	10.1067	20.0195	14.7141	5.23347	11.2212	12.9755	17.0639	27.807	30.1588	5.23347	6.53637	15.2002	6.53637	7.16421	5.15856	10.7903	20.0929	21.1026	11.2212	7.16421	5.92957	12.9755	5.15856	7.62934	15.2002	5.92957	7.62934	5.44952	13.0489	16.6331	17.0639	10.7903	5.44952	27.807	20.0929	13.0489	30.1588	21.1026	16.6331	20.7035	14.8886	14.9583	10.2091	7.36162	20.7035	14.8886	14.9583	10.2091	7.36162	15.767	7.21133	15.767	7.21133	15.0389	20.0198	9.95578	14.6831	15.0389	9.95578	20.0198	14.6831	
('SER', 'ARG')	11.862	11.862	12.0741	12.0741	
('GLU', 'ALA')	12.89	13.6873	12.89	13.6873	6.72144	17.5095	29.6059	6.72144	9.38535	25.9077	9.38535	7.03861	15.4748	17.5095	7.03861	15.3445	29.6059	15.4748	7.50605	25.9077	15.3445	7.50605	5.21918	12.2447	20.9531	24.4318	26.2059	26.9743	5.21918	12.2447	20.9531	24.4318	26.2059	26.9743	8.55515	13.089	5.66719	5.15131	8.55515	5.66719	20.7639	31.5652	36.6873	13.089	5.15131	16.4205	29.3889	34.3779	20.7639	16.4205	31.5652	29.3889	36.6873	34.3779	12.7797	13.8188	12.7797	13.8188	6.36313	17.1977	29.4925	6.36313	9.69615	26.2589	9.69615	6.844	15.3002	17.1977	6.844	15.6463	29.4925	15.3002	7.64523	26.2589	15.6463	7.64523	4.99662	12.8259	20.9319	24.5203	26.0656	27.136	4.99662	12.8259	20.9319	24.5203	26.0656	27.136	20.2401	30.7613	35.8247	16.5031	29.2856	34.2195	20.2401	16.5031	30.7613	29.2856	35.8247	34.2195	
('TYR', 'THR')	21.917	28.1252	21.917	7.30565	7.30565	7.35544	28.1252	7.35544	7.11699	7.11699	41.7504	27.028	41.7504	27.028	40.4248	48.449	39.1286	46.9064	26.7709	33.8315	40.4248	39.1286	26.7709	14.9384	48.449	46.9064	33.8315	5.98312	14.9384	5.98312	21.8253	28.2341	21.8253	7.17694	7.17694	7.33385	28.2341	7.33385	7.07786	7.07786	41.7847	27.2384	41.7847	27.2384	26.4599	33.5026	26.4599	15.1221	33.5026	6.47257	15.1221	6.47257	
('PRO', 'PHE')	5.82063	16.346	27.2309	33.1075	5.82063	25.3656	16.346	13.5532	27.2309	5.08438	25.3656	13.5532	5.08438	6.06078	33.1075	6.06078	21.5846	26.705	21.5846	26.705	8.11672	8.11672	11.7011	14.9353	11.7011	14.9353	11.7913	11.7913	11.0079	15.01	11.0079	15.01	5.84357	16.6976	27.2809	33.1534	5.84357	25.4884	16.6976	13.4244	27.2809	5.15443	25.4884	13.4244	5.15443	5.84638	33.1534	5.84638	21.5791	26.4595	21.5791	26.4595	8.24254	8.24254	11.6774	14.8565	11.6774	14.8565	11.5028	11.5028	10.9854	15.1346	10.9854	15.1346	
('TYR', 'ILE')	9.7761	16.2678	9.7761	17.8719	16.2678	11.0051	17.8719	11.0051	5.16182	5.16182	20.1607	5.3985	20.1607	5.3985	21.3812	28.1718	19.6631	27.7059	15.6969	22.5987	10.5672	18.0756	21.3812	19.6631	15.6969	10.5672	10.8081	28.1718	27.7059	22.5987	18.0756	5.03504	10.8081	5.03504	9.88212	16.0935	9.88212	17.8052	16.0935	10.8601	17.8052	10.8601	5.24975	5.24975	20.3867	5.69525	20.3867	5.69525	20.8751	27.6374	19.3808	27.3579	15.373	22.3482	10.4274	17.7915	20.8751	19.3808	15.373	10.4274	10.8294	27.6374	27.3579	22.3482	17.7915	5.23499	10.8294	5.23499	
('PHE', 'VAL')	36.1981	38.233	25.259	27.8962	14.8829	16.6292	9.69177	10.8281	36.1981	25.259	14.8829	9.69177	38.233	27.8962	16.6292	10.8281	6.77712	11.0254	6.77712	7.36287	7.36287	4.92699	11.0254	4.92699	33.6592	34.0404	44.5398	45.6407	47.0943	21.117	21.7479	32.1876	33.9474	35.3965	20.7293	20.6285	31.0947	32.0836	33.6649	33.6592	21.117	20.7293	34.0404	21.7479	20.6285	44.5398	32.1876	31.0947	45.6407	33.9474	32.0836	47.0943	35.3965	33.6649	6.98248	6.98248	5.79783	5.79783	16.4784	32.3678	36.4713	10.8199	26.2644	30.4435	5.62023	19.8774	24.4207	16.4784	10.8199	5.62023	16.5752	16.5752	7.45485	9.61449	32.3678	26.2644	19.8774	7.45485	36.4713	30.4435	24.4207	9.61449	36.3046	38.1127	25.0798	27.5059	14.9295	16.4666	9.69413	10.7099	36.3046	25.0798	14.9295	9.69413	38.1127	27.5059	16.4666	10.7099	6.9612	11.0107	6.9612	7.15306	7.15306	5.01691	11.0107	5.01691	33.8289	33.959	44.333	45.7079	47.0789	21.2751	21.6434	31.9532	34.0221	35.4196	20.8082	20.4707	30.8196	32.1378	33.6748	33.8289	21.2751	20.8082	33.959	21.6434	20.4707	44.333	31.9532	30.8196	45.7079	34.0221	32.1378	47.0789	35.4196	33.6748	6.73476	6.73476	5.69025	5.69025	16.5754	32.3952	36.666	10.8303	26.1197	30.4911	5.57039	19.6695	24.3552	16.5754	10.8303	5.57039	16.3408	16.3408	7.39987	9.63757	32.3952	26.1197	19.6695	7.39987	36.666	30.4911	24.3552	9.63757	
('PHE', 'GLY')	20.2031689189	10.6381805923	20.2031689189	10.6381805923	5.47392006198	9.24268683984	5.47392006198	9.24268683984	4.13761819094	7.79198351859	5.15296770278	8.23354898324	4.13761819094	5.15296770278	7.79198351859	8.23354898324	5.31810412846	2.86265503319	12.1154062061	19.0401327708	21.4928212018	5.31810412846	14.7046699764	16.7149768583	2.86265503319	10.757205319	11.3073850175	12.1154062061	5.32232186515	7.71829531659	14.7046699764	10.757205319	5.32232186515	9.12858364836	11.0550631236	16.7149768583	11.3073850175	7.71829531659	5.83875119756	9.61849033078	19.0401327708	9.12858364836	5.83875119756	21.4928212018	11.0550631236	9.61849033078	14.8769844083	5.20884970868	14.8769844083	5.20884970868	13.7207042602	13.7207042602	6.00879589997	10.746029747	6.00879589997	10.746029747	20.4197027876	10.668030628	20.4197027876	10.668030628	5.44704365112	9.13426662496	5.44704365112	9.13426662496	4.20321699318	7.13664925117	5.02683308662	7.84750913036	4.20321699318	5.02683308662	7.13664925117	7.84750913036	5.36644397325	2.89241611684	12.0423082445	18.8605956268	21.2037539303	5.36644397325	14.6974988093	16.6851647369	2.89241611684	10.6938217192	11.2449677133	12.0423082445	5.4974811322	7.64026999567	14.6974988093	10.6938217192	5.4974811322	8.98448078159	10.8461831024	16.6851647369	11.2449677133	7.64026999567	5.64196475774	9.33044718186	18.8605956268	8.98448078159	5.64196475774	21.2037539303	10.8461831024	9.33044718186	15.2739588993	5.12682143742	15.2739588993	5.12682143742	13.7715931987	13.7715931987	5.88507235762	10.7288261036	5.88507235762	10.7288261036	
('CYS', 'CYS')	44.2133	44.2133	44.0547	44.0547	
('TRP', 'THR')	33.8917	40.1241	33.8917	40.1241	26.3247	12.0948	26.3247	12.0948	5.37993	5.37993	35.3636	33.855	21.4895	35.3636	33.855	21.4895	17.6759	17.6759	34.2611	40.6692	34.2611	40.6692	26.0823	12.1637	26.0823	12.1637	5.43777	5.43777	21.4729	21.4729	17.6627	17.6627	
('LYS', 'CYS')	29.6905	24.8232	29.6905	24.8232	24.5831	24.5831	
('ASN', 'THR')	5.51813	10.914	5.51813	10.914	4.61459	12.4783	4.61459	12.4783	5.68537	5.68537	10.1984	10.1984	15.3015	15.3015	5.26744	10.9043	5.26744	10.9043	4.64409	12.9091	4.64409	12.9091	5.49898	5.49898	10.1611	10.1611	15.6253	15.6253	
('MET', 'ALA')	6.99124	5.70303	6.99124	5.97313	12.6838	5.70303	7.56196	10.7041	5.97313	7.56196	12.6838	10.7041	10.4197	6.74746	10.4197	6.74746	6.86466	15.774	6.86466	5.68155	14.8193	16.2655	20.1705	20.3661	5.68155	9.82028	15.774	9.82028	5.21617	5.43312	9.67712	11.0771	14.8193	5.21617	16.2655	5.43312	20.1705	9.67712	20.3661	11.0771	18.9755	24.2113	11.0613	16.8126	18.9755	11.0613	10.1274	23.1562	28.0011	24.2113	16.8126	5.7264	17.2265	21.9781	10.1274	5.7264	23.1562	17.2265	28.0011	21.9781	6.95329	5.80653	6.95329	5.99592	12.6643	5.80653	7.44232	10.7297	5.99592	7.44232	12.6643	10.7297	10.977	6.85327	10.977	6.85327	6.85967	15.9845	6.85967	6.22439	14.8132	16.2286	19.9718	20.1745	6.22439	9.84878	15.9845	9.84878	5.20028	5.18756	9.36291	10.5603	14.8132	5.20028	16.2286	5.18756	19.9718	9.36291	20.1745	10.5603	10.225	22.9685	27.7144	5.80067	17.0731	21.7221	10.225	5.80067	22.9685	17.0731	27.7144	21.7221	
('THR', 'THR')	6.45465	6.45465	15.5485	15.5485	5.67035	15.2514	50.9899	5.67035	13.317	48.8693	15.2514	13.317	35.9434	50.9899	48.8693	35.9434	6.57586	6.57586	15.3354	15.3354	35.992	35.992	
('THR', 'LYS')	4.74295	10.5178	6.73418	10.188	4.74295	6.73418	11.339	46.9895	10.5178	10.188	5.94248	41.1849	11.339	5.94248	46.9895	41.1849	5.43086	40.7951	5.43086	40.7951	
('GLY', 'HIS')	21.9646075542	21.9646075542	5.24127602725	5.24127602725	6.46251273781	6.46251273781	12.1811831726	12.1811831726	21.5844972288	21.5844972288	5.63213486915	5.63213486915	6.20019768017	6.20019768017	
('TYR', 'VAL')	27.1976	30.3593	5.34339	6.19314	27.1976	5.34339	30.3593	6.19314	10.6858	20.4977	10.6858	20.4977	10.4821	10.5068	10.4821	10.5068	5.14578	7.33767	6.09541	5.14578	7.33767	6.09541	27.632	35.9102	22.0363	29.8967	16.1875	23.265	27.632	22.0363	16.1875	6.16532	6.16532	5.44553	35.9102	29.8967	23.265	5.44553	27.1099	30.0814	5.42367	6.04531	27.1099	5.42367	30.0814	6.04531	10.965	20.6639	10.965	20.6639	10.4044	10.9872	10.4044	10.9872	5.31852	7.58291	6.13498	5.31852	7.58291	6.13498	27.5716	35.8178	21.8414	29.6318	15.8432	22.9391	27.5716	21.8414	15.8432	5.9677	5.9677	5.47301	35.8178	29.6318	22.9391	5.47301	
('ILE', 'THR')	15.6486	21.2608	6.45682	12.8595	15.6486	6.45682	21.2608	12.8595	8.88903	8.88903	22.0533	37.1426	9.37982	22.9163	22.0533	9.37982	37.1426	22.9163	10.8698	10.8698	20.4883	21.4357	26.3733	31.9351	50.4652	19.351	21.3204	25.8485	31.5592	48.7653	6.24427	9.87846	13.1073	19.0995	36.0571	20.4883	19.351	6.24427	30.7444	21.4357	21.3204	9.87846	31.1652	26.3733	25.8485	13.1073	26.0756	31.9351	31.5592	19.0995	22.4692	50.4652	48.7653	36.0571	7.36935	30.7444	31.1652	26.0756	22.4692	7.36935	15.806	21.6035	6.64831	13.1252	15.806	6.64831	21.6035	13.1252	9.29759	9.29759	21.9103	36.8819	9.41081	22.8628	21.9103	9.41081	36.8819	22.8628	10.9692	10.9692	6.47624	9.76919	12.9588	18.9297	35.9225	6.47624	30.6641	9.76919	31.2521	12.9588	26.2986	18.9297	22.666	35.9225	7.61115	30.6641	31.2521	26.2986	22.666	7.61115	
('PRO', 'VAL')	41.1623	43.458	12.214	15.9704	41.1623	12.214	43.458	15.9704	15.9671	24.987	15.9671	24.987	31.8003	33.1641	43.4858	45.419	46.4866	31.8003	33.1641	43.4858	45.419	46.4866	27.5797	22.0616	15.7096	27.5797	22.0616	15.7096	6.68498	6.68498	41.369	43.4172	12.1829	15.6878	41.369	12.1829	43.4172	15.6878	15.7956	24.6405	15.7956	24.6405	31.9488	33.0472	43.2264	45.4403	46.4326	31.9488	33.0472	43.2264	45.4403	46.4326	27.3498	21.6665	15.2682	27.3498	21.6665	15.2682	6.75237	6.75237	
('MET', 'ILE')	14.9319	22.0286	6.38432	15.5632	14.9319	6.38432	5.33778	5.33778	9.74851	22.0286	15.5632	9.74851	16.2917	16.2917	5.5191	14.9972	5.5191	14.9972	6.9335	5.38628	10.5688	15.349	33.648	6.9335	7.05441	5.38628	5.32871	7.05441	5.32871	7.43144	10.9232	27.7152	10.5688	7.43144	15.349	10.9232	33.648	27.7152	15.3457	22.5076	6.27678	15.2864	15.3457	6.27678	5.26436	5.26436	9.74652	22.5076	15.2864	9.74652	16.2755	16.2755	5.54309	15.1798	5.54309	15.1798	7.13862	5.61303	10.5252	15.4042	33.5007	7.13862	7.06175	5.61303	5.3808	7.06175	5.3808	7.25673	10.9377	27.5883	10.5252	7.25673	15.4042	10.9377	33.5007	27.5883	
('PRO', 'THR')	36.0377	41.9882	9.5145	14.9629	36.0377	9.5145	41.9882	14.9629	5.07116	5.07116	5.57754	15.3755	5.57754	15.3755	39.6229	38.8634	26.1015	39.6229	38.8634	26.1015	15.9846	15.9846	36.262	42.4195	9.58973	15.0492	36.262	9.58973	42.4195	15.0492	5.15329	5.15329	5.67901	15.2521	5.67901	15.2521	25.6073	25.6073	16.3195	16.3195	
('GLU', 'GLU')	15.0797	32.1962	15.0797	18.6478	32.1962	18.6478	7.02959	7.02959	15.1923	32.2626	15.1923	18.6606	32.2626	18.6606	6.95363	6.95363	
('CYS', 'ILE')	20.2685	34.8189	20.2685	25.5294	34.8189	10.6051	25.5294	10.6051	20.9426	20.9426	15.0798	12.2795	9.42888	5.00678	15.0798	12.2795	9.42888	5.00678	18.6032	18.6032	20.3005	34.7234	20.3005	25.3238	34.7234	10.4012	25.3238	10.4012	21.1141	21.1141	14.83	12.3254	9.33238	5.27121	14.83	12.3254	9.33238	5.27121	18.3327	18.3327	
('TRP', 'GLN')	5.39027	43.1882	5.39027	43.1882	32.4199	32.4199	5.40996	43.0533	5.40996	43.0533	
('LYS', 'VAL')	10.7723	15.8274	21.4617	41.7568	7.70434	10.9765	15.9292	36.3298	10.7723	7.70434	15.8274	10.9765	21.4617	15.9292	41.7568	36.3298	7.52309	10.4753	15.6081	35.6659	7.52309	10.4753	15.6081	35.6659	
('TYR', 'TYR')	26.0412	26.0412	10.7038	10.7038	25.8279	25.8279	10.5683	10.5683	
('LYS', 'MET')	13.9767	19.7452	10.0302	15.0875	13.9767	10.0302	19.7452	15.0875	10.0758	14.8862	10.0758	14.8862	
('MET', 'TYR')	5.89285	31.7844	5.89285	5.23677	10.7071	5.23677	23.8383	10.7071	17.3612	31.7844	23.8383	17.3612	18.731	18.731	23.3631	31.9446	17.5183	26.2846	23.3631	17.5183	31.9446	26.2846	6.66437	32.126	6.66437	5.20336	11.1033	5.20336	23.5453	11.1033	17.0698	32.126	23.5453	17.0698	19.1651	19.1651	23.103	31.6751	17.2728	26.0226	23.103	17.2728	31.6751	26.0226	
('THR', 'VAL')	6.19388	9.81579	6.19388	5.38941	5.38941	5.13093	9.81579	5.13093	16.7692	25.2553	16.7692	25.2553	31.5854	32.0321	42.4777	44.1098	45.7249	16.7435	18.411	28.639	30.38	31.1511	31.5854	16.7435	32.0321	18.411	42.4777	28.639	44.1098	30.38	45.7249	31.1511	5.89729	5.89729	7.44875	7.44875	13.4184	19.1855	25.3122	45.542	11.5979	17.1734	23.6769	44.3287	13.4184	11.5979	5.35723	38.2837	5.35723	5.56228	10.7249	31.523	19.1855	17.1734	5.56228	32.1543	25.3122	23.6769	10.7249	25.7455	45.542	44.3287	31.523	10.888	38.2837	32.1543	25.7455	10.888	6.2512	9.58021	6.2512	5.29889	5.29889	4.99074	9.58021	4.99074	16.9286	25.3437	16.9286	25.3437	31.5871	31.7494	42.0823	44.0244	45.5881	16.9944	18.3993	28.4544	30.4801	31.2066	31.5871	16.9944	31.7494	18.3993	42.0823	28.4544	44.0244	30.4801	45.5881	31.2066	6.07927	6.07927	7.23314	7.23314	5.44023	38.5389	5.44023	5.38639	10.7461	31.1645	5.38639	32.225	10.7461	25.7738	31.1645	11.2437	38.5389	32.225	25.7738	11.2437	
('GLN', 'GLN')	42.053	42.053	41.8906	41.8906	
('TRP', 'VAL')	38.8453	41.9974	38.8453	41.9974	5.50066	6.70122	16.6444	18.9836	20.1434	5.50066	6.70122	16.6444	18.9836	20.1434	7.09502	7.09502	5.421	5.421	22.4281	16.7141	10.9498	22.4281	16.7141	10.9498	10.8545	10.8545	39.1644	42.0602	39.1644	42.0602	5.76911	6.62451	16.419	19.0511	20.2375	5.76911	6.62451	16.419	19.0511	20.2375	7.02317	7.02317	5.42878	5.42878	22.6529	16.7949	10.877	22.6529	16.7949	10.877	10.5102	10.5102	
('ALA', 'ILE')	10.8425	20.5569	11.0657	18.6682	10.8425	11.0657	20.5569	18.6682	9.98573	10.3991	9.98573	10.3991	10.9327	25.4006	10.9327	5.44272	14.8616	5.44272	15.3641	14.8616	5.24742	25.4006	15.3641	5.24742	5.17756	5.17756	6.13021	15.6547	18.6242	20.6942	20.9732	6.13021	15.6547	18.6242	20.6942	20.9732	20.8162	23.1373	27.4234	33.3844	50.8958	15.0916	15.7711	20.8278	26.2093	44.4067	20.8162	15.0916	9.91816	19.9761	25.2656	23.1373	15.7711	6.2004	19.5808	24.4874	27.4234	20.8278	5.30227	15.1005	20.1444	9.91816	6.2004	5.30227	5.77134	24.3433	33.3844	26.2093	5.77134	11.4763	15.685	19.9761	19.5808	15.1005	11.4763	10.8507	25.2656	24.4874	20.1444	15.685	5.98426	50.8958	44.4067	24.3433	10.8507	5.98426	10.6802	20.3392	10.9055	18.253	10.6802	10.9055	20.3392	18.253	9.63345	10.2128	9.63345	10.2128	11.1148	25.5251	11.1148	5.26308	14.8071	5.26308	15.4115	14.8071	5.14601	25.5251	15.4115	5.14601	5.37506	5.37506	6.34423	15.5287	18.5547	20.3904	20.8425	6.34423	15.5287	18.5547	20.3904	20.8425	9.72041	19.5776	24.8363	6.2267	19.3963	24.2216	5.07321	14.9513	19.9163	9.72041	6.2267	5.07321	5.75191	24.1707	5.75191	11.4711	15.5679	19.5776	19.3963	14.9513	11.4711	10.9845	24.8363	24.2216	19.9163	15.5679	6.14498	24.1707	10.9845	6.14498	
('SER', 'GLY')	19.5628659455	19.5628659455	32.0687412807	27.0303070884	20.1698284129	10.704235013	10.6056924268	32.0687412807	27.0303070884	20.1698284129	10.704235013	10.6056924268	19.8923204709	19.8923204709	32.1357352997	27.0287815852	20.2606131139	10.8928901539	10.7536227961	32.1357352997	27.0287815852	20.2606131139	10.8928901539	10.7536227961	
('SER', 'LEU')	7.20977	12.5139	14.666	18.5543	28.9093	31.1662	7.20977	12.5139	14.666	18.5543	28.9093	31.1662	21.9934	12.0679	7.25276	21.9934	12.0679	7.25276	5.53347	6.46145	5.53347	6.46145	7.48437	12.8944	14.9605	18.7975	28.9804	31.3057	7.48437	12.8944	14.9605	18.7975	28.9804	31.3057	22.2961	12.2328	7.36735	22.2961	12.2328	7.36735	5.52083	6.45382	5.52083	6.45382	
('GLY', 'ARG')	43.4553047626	38.4734653089	31.0338372151	21.9852414094	20.4682178657	43.4553047626	38.4734653089	31.0338372151	21.9852414094	20.4682178657	26.7864116569	26.7864116569	43.6792132516	38.6137387199	31.2272141993	22.3683778517	20.8073314421	43.6792132516	38.6137387199	31.2272141993	22.3683778517	20.8073314421	26.2740394299	26.2740394299	
('SER', 'VAL')	34.9073	37.6846	34.9073	37.6846	7.46046	5.49572	15.4594	16.3061	17.9637	7.46046	5.49572	15.4594	16.3061	17.9637	35.0745	37.5733	35.0745	37.5733	7.35532	5.24015	15.0899	16.2913	17.9603	7.35532	5.24015	15.0899	16.2913	17.9603	
('PRO', 'ASN')	31.0811	7.55121	31.0811	7.55121	7.44586	10.5649	7.44586	10.5649	6.24244	6.24244	31.5234	7.88437	31.5234	7.88437	7.09798	10.6286	7.09798	10.6286	6.27363	6.27363	
('PRO', 'ALA')	10.4376	12.6058	10.4376	19.6309	12.6058	17.9044	19.6309	17.9044	15.2618	16.5422	15.2618	16.5422	15.588	25.652	36.4143	15.588	25.652	36.4143	40.7685	33.7766	12.9288	40.7685	33.7766	12.9288	7.37426	9.46452	7.37426	9.46452	10.6567	13.1208	10.6567	19.6314	13.1208	17.7578	19.6314	17.7578	14.7784	16.3746	14.7784	16.3746	15.2247	25.3174	36.2725	15.2247	25.3174	36.2725	12.547	12.547	7.39032	9.51217	7.39032	9.51217	
('ALA', 'ASN')	20.9012	20.3112	20.9012	20.3112	10.6854	15.1304	7.29856	6.35646	10.6854	7.29856	15.1304	6.35646	10.9072	20.119	30.9544	10.9072	20.119	30.9544	7.0833	10.2312	20.3899	22.3202	25.6099	25.5805	7.0833	10.2312	20.3899	22.3202	25.6099	25.5805	21.0738	20.327	21.0738	20.327	10.3884	15.0505	6.96402	6.06484	10.3884	6.96402	15.0505	6.06484	10.6685	19.8583	30.8923	10.6685	19.8583	30.8923	6.90119	11.2896	20.7368	22.7673	25.8476	26.0479	6.90119	11.2896	20.7368	22.7673	25.8476	26.0479	
('SER', 'ALA')	5.26913	5.87777	5.26913	5.87777	15.667	5.63809	15.667	5.63809	9.7773	9.7773	5.32667	6.45341	5.32667	6.45341	16.0154	5.92167	16.0154	5.92167	9.75878	9.75878	
('CYS', 'LEU')	7.28251	14.4242	22.1201	27.3291	31.7178	7.28251	41.5965	14.4242	31.3554	22.1201	22.1474	27.3291	17.326	31.7178	14.0615	41.5965	31.3554	22.1474	17.326	14.0615	7.21167	7.21167	7.00857	7.00857	7.79969	7.79969	7.13933	14.4301	22.282	27.0988	31.7268	7.13933	41.64	14.4301	31.2832	22.282	21.85	27.0988	17.4564	31.7268	13.8884	41.64	31.2832	21.85	17.4564	13.8884	7.18834	7.18834	7.02296	7.02296	7.92463	7.92463	
('LEU', 'ILE')	12.4605	20.763	7.37748	12.0975	5.33969	10.4071	12.4605	7.37748	5.33969	7.42214	14.6336	15.8618	7.42214	5.85092	20.763	12.0975	10.4071	5.85092	5.9411	9.66847	14.6336	5.9411	15.8618	9.66847	5.7492	5.7492	5.28347	7.33283	6.50961	15.2517	5.28347	7.33283	6.50961	15.2517	16.2684	31.8232	6.18956	21.4099	16.2684	6.18956	7.33909	9.78334	12.3376	7.33909	13.5909	9.78334	9.81942	12.3376	7.13774	31.8232	21.4099	13.5909	9.81942	7.13774	16.4073	16.4073	11.3136	16.2763	10.9841	15.6263	6.02383	10.4989	11.3136	10.9841	6.02383	5.34253	19.4773	5.34253	6.83752	16.2763	15.6263	10.4989	6.83752	14.8528	19.4773	14.8528	12.7348	20.8685	7.28375	11.7569	5.3395	10.4674	12.7348	7.28375	5.3395	7.51314	14.7038	15.9799	7.51314	5.73173	20.8685	11.7569	10.4674	5.73173	5.99105	9.78433	14.7038	5.99105	15.9799	9.78433	5.7879	5.7879	5.28347	7.46853	6.46585	15.031	5.28347	7.46853	6.46585	15.031	16.5218	31.9676	6.31495	21.4186	16.5218	6.31495	7.45453	9.5501	12.3219	7.45453	13.3689	9.5501	9.91082	12.3219	7.02539	31.9676	21.4186	13.3689	9.91082	7.02539	16.4411	16.4411	10.8362	15.8861	10.7567	15.5891	5.89729	10.5513	10.8362	10.7567	5.89729	5.35909	19.5786	5.35909	7.06925	15.8861	15.5891	10.5513	7.06925	14.8069	19.5786	14.8069	
('GLU', 'TRP')	5.08557	5.08557	21.0339	6.29762	21.0339	6.29762	12.7284	12.7284	16.7378	16.7378	27.645	24.8791	27.645	24.8791	5.00017	5.00017	20.9895	6.22149	20.9895	6.22149	12.7974	12.7974	16.8426	16.8426	27.0439	25.0308	27.0439	25.0308	
('PRO', 'MET')	9.90456	15.7748	22.6515	9.90456	22.3328	15.7748	15.4982	22.6515	7.36408	22.3328	15.4982	7.36408	22.6876	22.6876	22.8147	17.5908	22.8147	17.5908	9.63187	16.0981	22.8978	9.63187	22.8625	16.0981	15.441	22.8978	7.3641	22.8625	15.441	7.3641	22.6888	22.6888	22.4894	17.2365	22.4894	17.2365	
('PRO', 'GLY')	25.407280734	25.407280734	7.69793001304	7.69793001304	25.6483870584	27.89985244	25.6483870584	27.89985244	4.8699356567	4.8699356567	7.34117172437	9.81849097952	19.8248159729	20.7763591654	7.34117172437	9.81849097952	19.8248159729	20.7763591654	5.48446624087	5.48446624087	25.727581784	25.727581784	7.87633116704	7.87633116704	25.7660431067	27.242065657	25.7660431067	27.242065657	4.89567288581	4.89567288581	7.24897667751	9.82078710799	19.6430371227	20.5205315398	7.24897667751	9.82078710799	19.6430371227	20.5205315398	5.6077363179	5.6077363179	
('PHE', 'ASN')	25.7808	16.0421	6.47912	25.7808	16.0421	6.47912	5.42633	5.42633	19.3069	22.9472	11.0352	16.4215	19.3069	11.0352	22.9472	16.4215	9.10108	9.10108	5.57248	9.2432	5.57248	9.2432	12.4369	12.4369	26.1175	16.1893	6.7152	26.1175	16.1893	6.7152	5.45703	5.45703	19.3979	22.8769	10.9583	16.1546	19.3979	10.9583	22.8769	16.1546	9.23852	9.23852	5.55854	9.16278	5.55854	9.16278	12.6542	12.6542	
('TRP', 'SER')	4.97866	4.97866	5.50108	5.50108	5.23144	5.23144	5.38586	5.38586	
('LEU', 'HIS')	37.3083	29.0057	27.0332	22.8298	12.4021	11.6681	37.3083	29.0057	27.0332	22.8298	12.4021	11.6681	20.1419	20.1419	22.53	17.709	22.53	17.709	37.2342	28.4171	26.7676	22.3669	12.0831	11.6388	37.2342	28.4171	26.7676	22.3669	12.0831	11.6388	20.5005	20.5005	
('TYR', 'GLY')	11.703546685	11.703546685	14.696657641	14.696657641	20.9784746949	23.822804698	20.9784746949	23.822804698	45.628653377	41.0604160825	33.0691092119	24.9830391796	23.0049801162	45.628653377	41.0604160825	33.0691092119	24.9830391796	23.0049801162	6.81810522955	6.81810522955	6.5714707019	6.5714707019	11.656944708	11.656944708	14.5307042854	14.5307042854	21.4516052124	23.5388095712	21.4516052124	23.5388095712	45.8013055086	41.1515958118	33.2347395394	25.3298242454	23.3019935201	45.8013055086	41.1515958118	33.2347395394	25.3298242454	23.3019935201	6.7598643073	6.7598643073	6.31279906209	6.31279906209	
('CYS', 'ALA')	11.0921	21.6595	32.9508	11.0921	34.2716	21.6595	23.7349	32.9508	11.2978	34.2716	23.7349	11.2978	21.8914	15.5697	5.99679	5.07736	21.8914	15.5697	5.99679	5.07736	5.1186	7.73769	5.1186	7.73769	34.5927	27.0173	6.15775	34.5927	27.0173	6.15775	9.8221	13.4368	9.8221	13.4368	10.8579	21.4324	32.8967	10.8579	34.3843	21.4324	23.8064	32.8967	11.2089	34.3843	23.8064	11.2089	22.1501	15.443	6.27722	5.16784	22.1501	15.443	6.27722	5.16784	5.11651	7.2703	5.11651	7.2703	6.20783	6.20783	9.63172	13.0598	9.63172	13.0598	
('ASP', 'PHE')	7.19227	9.91228	7.19227	9.91228	7.12221	9.74493	7.12221	9.74493	
('ASP', 'MET')	5.19482	5.19482	5.5586	5.5586	
('GLN', 'TYR')	10.3738	36.2389	10.3738	31.784	36.2389	6.06665	31.784	6.06665	37.7081	44.7106	37.7081	44.7106	10.7208	36.2803	10.7208	31.3194	36.2803	5.88779	31.3194	5.88779	
('LYS', 'LYS')	5.9825	5.9825	
('TRP', 'MET')	6.57163	14.8326	20.3667	6.57163	14.8326	20.3667	11.1321	11.1321	7.32568	7.32568	18.4505	12.4695	18.4505	12.4695	6.27178	15.1462	20.7679	6.27178	15.1462	20.7679	11.0941	11.0941	7.38144	7.38144	18.4831	12.5252	18.4831	12.5252	
('SER', 'TYR')	9.1162	32.9882	9.1162	32.9882	14.7495	14.7495	9.80309	32.9027	9.80309	32.9027	14.9551	14.9551	
('ALA', 'THR')	25.9336	31.8016	24.7031	30.9489	25.9336	24.7031	31.8016	30.9489	14.8896	18.3341	14.8896	18.3341	15.0729	24.7401	36.111	15.0729	5.31229	5.31229	10.7701	21.1048	24.7401	10.7701	36.111	21.1048	10.9611	7.43476	10.9611	7.43476	5.85359	10.559	11.6048	13.8095	5.85359	10.559	11.6048	13.8095	5.77252	3.8851	14.8989	50.6461	5.77252	6.29832	27.121	39.7434	44.7808	3.8851	6.60491	26.6649	37.9433	42.9677	6.29832	6.60491	10.0928	45.1841	14.8989	10.0928	14.9985	25.2274	30.456	27.121	26.6649	14.9985	26.6088	39.7434	37.9433	25.2274	12.3595	44.7808	42.9677	30.456	9.76254	50.6461	45.1841	26.6088	12.3595	9.76254	25.8478	31.9343	24.4576	30.8802	25.8478	24.4576	31.9343	30.8802	14.7832	18.5509	14.7832	18.5509	14.6841	24.3392	35.8872	14.6841	5.28416	5.28416	10.536	21.0893	24.3392	10.536	35.8872	21.0893	11.0543	7.33209	11.0543	7.33209	5.87881	10.4109	11.4566	13.6771	5.87881	10.4109	11.4566	13.6771	14.9786	24.9774	30.1856	14.9786	26.7294	24.9774	12.5389	30.1856	10.0097	26.7294	12.5389	10.0097	
('HIS', 'CYS')	22.8914	22.8914	23.0181	23.0181	23.2443	23.2443	
('GLU', 'PRO')	5.4227	31.18	5.4227	31.18	10.1397	20.9806	39.1408	10.1397	20.9806	39.1408	32.5428	28.9446	32.5428	28.9446	5.40631	31.2339	5.40631	31.2339	10.1746	21.0265	39.2105	10.1746	21.0265	39.2105	31.5876	28.5525	31.5876	28.5525	
('PHE', 'PHE')	12.2921	22.4085	28.1689	12.2921	11.3369	17.2035	22.4085	11.3369	5.91737	28.1689	17.2035	5.91737	6.61372	6.61372	13.0446	13.5582	13.0446	5.09655	13.5582	5.09655	16.7009	20.7542	16.7009	5.43083	20.7542	5.43083	12.4735	22.3237	28.1086	12.4735	11.0819	16.9058	22.3237	11.0819	5.89397	28.1086	16.9058	5.89397	6.44972	6.44972	13.1664	13.5859	13.1664	5.04401	13.5859	5.04401	16.6808	20.8669	16.6808	5.51996	20.8669	5.51996	
('SER', 'ASN')	25.3155	25.3155	23.3256	23.3256	25.7638	25.7638	23.3769	23.3769	
('GLN', 'LYS')	5.40188	7.14572	5.40188	7.14572	
('ALA', 'ASP')	5.58376	5.44731	5.58376	5.44731	5.73537	5.34524	5.73537	5.34524	
('LYS', 'ILE')	16.3229	17.721	22.3209	28.1247	46.7353	10.6105	12.9575	16.9346	23.0042	41.224	16.3229	10.6105	17.721	12.9575	22.3209	16.9346	28.1247	23.0042	46.7353	41.224	10.4514	12.8002	16.5997	22.6473	40.7138	10.4514	12.8002	16.5997	22.6473	40.7138	
('GLN', 'ILE')	19.0196	26.6174	19.0196	23.9055	26.6174	16.0454	23.9055	16.0454	16.8858	19.6715	23.6213	29.6938	47.0026	16.8858	19.6715	23.6213	29.6938	47.0026	19.1195	26.811	19.1195	23.6507	26.811	15.6597	23.6507	15.6597	
('CYS', 'SER')	25.7819	25.7819	19.9951	19.9951	25.8907	25.8907	19.7665	19.7665	
('CYS', 'VAL')	28.6777	30.1014	40.4721	42.0123	42.8629	28.6777	15.7921	30.1014	15.8162	40.4721	7.54237	42.0123	8.17899	42.8629	4.92613	15.7921	15.8162	7.54237	8.17899	4.92613	16.4712	9.9641	16.4712	9.9641	20.7426	15.6744	10.6388	20.7426	15.6744	10.6388	13.2778	13.2778	28.8816	30.0366	40.2482	42.0878	42.8838	28.8816	15.3769	30.0366	15.7633	40.2482	7.34234	42.0878	8.04715	42.8838	5.06419	15.3769	15.7633	7.34234	8.04715	5.06419	16.7053	10.1326	16.7053	10.1326	20.8921	15.6844	10.5121	20.8921	15.6844	10.5121	12.8839	12.8839	
('GLY', 'CYS')	7.15349207174	50.9632550599	5.31845759957	46.3741915026	7.15349207174	5.31845759957	5.88563441995	15.8660710124	16.6432444998	5.88563441995	38.3333945917	15.8660710124	30.2142099565	16.6432444998	28.1183166912	50.9632550599	46.3741915026	38.3333945917	30.2142099565	28.1183166912	27.6761735955	16.8590509564	27.6761735955	16.8590509564	11.7993653059	11.7993653059	7.17426373848	50.7839993098	5.23546856831	46.1067531708	7.17426373848	5.23546856831	5.89243699227	15.8126566876	16.5048998937	5.89243699227	38.1731462917	15.8126566876	30.1999261363	16.5048998937	28.1377086859	50.7839993098	46.1067531708	38.1731462917	30.1999261363	28.1377086859	28.3437530133	17.3352407298	28.3437530133	17.3352407298	11.7122039656	11.7122039656	
('SER', 'HIS')	41.0323	41.0323	40.8292	40.8292	
